16 0.37117004447223645 0.4608014335646391 0.042236024844720506 0.09937888198757747
16 0.3982360435109268 0.4664012954347129 0.042236024844720506 0.09937888198757747
16 0.6791624473262994 0.4860008119799716 0.03663616297464676 0.06391309014377627
16 0.6366968281449059 0.4981338460317979 0.03196961141625154 0.08444591700071385
16 0.6096308291062155 0.495333915096761 0.030102990792893993 0.06764633139049238
16 0.32263790826492955 0.5951981184464118 0.042236024844720506 0.09937888198757747
16 0.3534371485503358 0.6101310834332754 0.042236024844720506 0.09937888198757747
16 0.3935694919525319 0.6119977040566335 0.042236024844720506 0.09937888198757747
16 0.42996859410801225 0.6063978421865595 0.042236024844720506 0.09937888198757747
16 0.7332944454036802 0.546665982239105 0.042236024844720506 0.09937888198757747
16 0.6819623782613362 0.5671988090960425 0.042236024844720506 0.09937888198757747
16 0.6436966554824981 0.591464877199696 0.042236024844720506 0.09937888198757747
16 0.6110307945737348 0.608264462809917 0.021703197987784546 0.06204646952041845
16 0.5414991763536503 0.4934672944734031 0.02636974954617828 0.09004577887078798
16 0.5176997634058361 0.5018670872785138 0.023569818611140995 0.07697943450728231
16 0.49576697108138024 0.49253398416172434 0.02636974954617829 0.08071267575399797
16 0.4738341787569245 0.49813384603179806 0.02356981861114125 0.07697943450728205
16 0.3077049432780659 0.46826791605807083 0.042236024844720506 0.09937888198757747
16 0.3077049432780659 0.46826791605807083 0.042236024844720506 0.09937888198757747
18 0.34973703981968457 0.7282923687882366 0.02706599903869037 0.12133034051826726
32 0.5867978589861452 0.3811009328436567 0.02706599903869037 0.12133034051826726
18 0.3002715933006987 0.7170926450480888 0.02706599903869037 0.12133034051826726
18 0.3002715933006987 0.7170926450480888 0.02706599903869037 0.12133034051826726
32 0.6117849093055702 0.39945681339860284 0.021466137168616478 0.10079751366132968
32 0.5427199462413258 0.3957235721518869 0.021466137168616478 0.10079751366132968
32 0.6379175980325816 0.6869163893957282 0.021466137168616478 0.10079751366132968
32 0.3924569860610103 0.7055825956293077 0.021466137168616478 0.10079751366132968
17 0.4260561572814537 0.46758846615116817 0.023332757791974464 0.08026468680439222
17 0.3392582982953086 0.4750549486446001 0.023332757791974464 0.08026468680439222
17 0.3392582982953086 0.4750549486446001 0.023332757791974464 0.08026468680439222
23 0.44845560476174906 0.4918545342548215 0.025199378415332346 0.061598480570812554
24 0.5833189447993614 0.6117429103415452 0.018666206233579567 0.059731859947454495
49 0.262260197581793 0.6798745630941104 0.027999309350369365 0.08026468680439222
49 0.3387916431394692 0.37561540148676353 0.027999309350369365 0.08026468680439222
49 0.3387916431394692 0.37561540148676353 0.027999309350369365 0.08026468680439222
49 0.3387916431394692 0.37561540148676353 0.027999309350369365 0.08026468680439222
44 0.5249870503194254 0.521211810108684 0.5291869467219809 0.02053282685693759
43 0.6611812908614921 0.5283068350980674 0.14559640862192066 0.022399447480295577
43 0.3295042722279518 0.5283068350980674 0.14559640862192066 0.022399447480295577
33 0.8937888198757766 0.18385093167701863 0.05341614906832298 0.12422360248447221
33 0.09130434782608698 0.16645962732919253 0.05341614906832298 0.12422360248447221
13 0.6608695652173914 0.18757763975155284 0.1838509316770187 0.24596273291925472
13 0.3639751552795032 0.20000000000000004 0.1838509316770187 0.24596273291925472
4 0.2869565217391305 0.44223602484472063 0.012422360248447183 0.04472049689441007
4 0.3354037267080746 0.4372670807453417 0.012422360248447183 0.04472049689441007
4 0.39378881987577646 0.4521739130434784 0.012422360248447183 0.04472049689441007
4 0.4658385093167703 0.44720496894409956 0.012422360248447183 0.04472049689441007
4 0.4857142857142858 0.44472049689441007 0.012422360248447183 0.04472049689441007
4 0.5080745341614907 0.4720496894409939 0.012422360248447183 0.04472049689441007
4 0.5329192546583852 0.4645962732919256 0.012422360248447183 0.04472049689441007
4 0.5726708074534163 0.4596273291925467 0.012422360248447183 0.04472049689441007
4 0.596273291925466 0.46211180124223616 0.012422360248447183 0.04472049689441007
4 0.6198757763975157 0.46708074534161503 0.012422360248447183 0.04472049689441007
4 0.6521739130434783 0.44968944099378894 0.012422360248447183 0.04472049689441007
4 0.6919254658385094 0.44472049689441007 0.012422360248447183 0.04472049689441007
4 0.7180124223602485 0.4223602484472051 0.012422360248447183 0.04472049689441007
4 0.3006211180124224 0.6360248447204971 0.012422360248447183 0.04472049689441007
4 0.33416149068322987 0.6534161490683231 0.012422360248447183 0.04472049689441007
4 0.3751552795031057 0.6658385093167704 0.012422360248447183 0.04472049689441007
4 0.4086956521739132 0.6708074534161492 0.012422360248447183 0.04472049689441007
4 0.4385093167701864 0.6509316770186337 0.012422360248447183 0.04472049689441007
4 0.46459627329192554 0.6608695652173915 0.012422360248447183 0.04472049689441007
4 0.48944099378882 0.6534161490683231 0.012422360248447183 0.04472049689441007
4 0.5055900621118012 0.6459627329192549 0.012422360248447183 0.04472049689441007
4 0.5242236024844721 0.6434782608695654 0.012422360248447183 0.04472049689441007
4 0.5416149068322982 0.6484472049689443 0.012422360248447183 0.04472049689441007
4 0.5701863354037268 0.6583850931677021 0.012422360248447183 0.04472049689441007
4 0.596273291925466 0.6608695652173915 0.012422360248447183 0.04472049689441007
4 0.6273291925465839 0.6509316770186337 0.012422360248447183 0.04472049689441007
4 0.667080745341615 0.6310559006211182 0.012422360248447183 0.04472049689441007
4 0.7180124223602485 0.5913043478260871 0.012422360248447183 0.04472049689441007
4 0.7540372670807455 0.5440993788819878 0.012422360248447183 0.04472049689441007