16 0.37518464652227035 0.643608670486935 0.04277380091090727 0.07993792301382678
16 0.645851649007684 0.5734876853870868 0.04277380091090727 0.07993792301382678
16 0.5778342934608302 0.6618401266128944 0.03295686299693076 0.06591372599385881
23 0.3871052139892437 0.5391284026881599 0.028749603890938995 0.07292582450383958
16 0.3099721303794116 0.5426344519431537 0.04277380091090727 0.07993792301382678
23 0.6847687957380966 0.5769937346420777 0.033658072847932416 0.06451130629185645
24 0.5596028373348692 0.7074187669277948 0.013322987168968651 0.042072591059905566
24 0.351343511588322 0.5426344519431539 0.03716412210291953 0.07432824420583885
24 0.4396959528141304 0.5405308223901583 0.02734718418894083 0.05609678807987848
24 0.41375118832718666 0.6429074606359366 0.02734718418894083 0.05609678807987848
24 0.4586286187910894 0.6485171394439244 0.02734718418894083 0.05609678807987848
24 0.43794292818663333 0.6457123000399294 0.019633875827956043 0.05609678807988046
24 0.4936891113410136 0.5419332420921553 0.02734718418894083 0.05609678807987848
24 0.5224387152319513 0.5307138844761796 0.02734718418894083 0.05609678807987848
24 0.5890536510768067 0.5503477603041371 0.02734718418894083 0.05609678807987848
24 0.5680173555468524 0.5447380814961493 0.02734718418894083 0.05609678807987848
24 0.5589016274838723 0.6569316576559062 0.02734718418894083 0.05609678807987848
24 0.41304997847618824 0.5419332420921554 0.02734718418894083 0.05609678807987848
25 0.4919451712541546 0.5562953597368494 0.023511392014900837 0.06182625307622077
25 0.5711872702673387 0.5562953597368494 0.023511392014900837 0.06182625307622077
25 0.4649506100518609 0.5493290213620641 0.023511392014900837 0.06182625307622077
25 0.5202459209017204 0.5571661520336976 0.023511392014900837 0.06182625307622077
26 0.5446281052134693 0.5571661520336976 0.02089901512435624 0.06008466848252439
28 0.3299566111328679 0.6387002015299451 0.049084689569894466 0.0813403427158225
28 0.6134731731295422 0.5690627659902853 0.025252976608597138 0.05660149929513153
32 0.36655976535498924 0.7304212418958682 0.05167916601858814 0.10952897872596268
32 0.43212288642334734 0.7335065652402618 0.022368594246851572 0.10952897872596283
32 0.4614334581950839 0.7335065652402618 0.022368594246851572 0.10952897872596283
32 0.4676041048838704 0.47588206598342 0.022368594246851572 0.10952897872596283
32 0.4938293533112137 0.4697114192946333 0.022368594246851572 0.10952897872596283
32 0.522368594246852 0.4697114192946333 0.022368594246851572 0.10952897872596283
32 0.4051263071599058 0.7335065652402618 0.022368594246851572 0.10952897872596283
49 0.5484472049689442 0.46708074534161514 0.03105590062111813 0.13416149068322988
49 0.6031055900621122 0.757763975155279 0.026086956521738494 0.07950310559006339
49 0.6428571428571428 0.7540372670807456 0.028571428571429035 0.06708074534161514
49 0.2739130434782609 0.6956521739130437 0.03850931677018625 0.08447204968944097
49 0.6838509316770187 0.7577639751552797 0.03850931677018625 0.08447204968944097
49 0.7285714285714286 0.737888198757764 0.03850931677018625 0.08447204968944097
49 0.7236024844720498 0.4745341614906833 0.03850931677018625 0.08447204968944097
49 0.2652173913043479 0.4521739130434783 0.03850931677018625 0.08447204968944097
49 0.34844720496894416 0.4621118012422361 0.03850931677018625 0.08447204968944097
0 0.43726708074534165 0.4173913043478262 0.03229813664596279 0.06459627329192542
4 0.2888198757763976 0.5006211180124224 0.011180124223602483 0.022360248447204897
4 0.33726708074534173 0.5006211180124224 0.011180124223602483 0.022360248447204897
4 0.3708074534161492 0.4981366459627329 0.011180124223602483 0.022360248447204897
4 0.39937888198757776 0.5006211180124224 0.011180124223602483 0.022360248447204897
4 0.4229813664596275 0.4981366459627329 0.011180124223602483 0.022360248447204897
4 0.4490683229813666 0.5055900621118012 0.011180124223602483 0.022360248447204897
4 0.47888198757763983 0.5055900621118012 0.011180124223602483 0.022360248447204897
4 0.5037267080745342 0.5031055900621118 0.011180124223602483 0.022360248447204897
4 0.5335403726708076 0.5180124223602485 0.011180124223602483 0.022360248447204897
4 0.6304347826086958 0.5254658385093167 0.011180124223602483 0.022360248447204897
4 0.6714285714285715 0.5354037267080745 0.011180124223602483 0.022360248447204897
4 0.6987577639751553 0.5329192546583851 0.011180124223602483 0.022360248447204897
4 0.3000000000000001 0.6496894409937888 0.011180124223602483 0.022360248447204897
4 0.34472049689441003 0.6720496894409937 0.011180124223602483 0.022360248447204897
4 0.3968944099378883 0.6645962732919254 0.011180124223602483 0.022360248447204897
4 0.4677018633540374 0.667080745341615 0.011180124223602483 0.022360248447204897
4 0.49254658385093175 0.667080745341615 0.011180124223602483 0.022360248447204897
4 0.509937888198758 0.6770186335403727 0.011180124223602483 0.022360248447204897
4 0.527329192546584 0.6720496894409937 0.011180124223602483 0.022360248447204897
4 0.54472049689441 0.6795031055900621 0.011180124223602483 0.022360248447204897
4 0.5621118012422361 0.684472049689441 0.011180124223602483 0.022360248447204897
4 0.5919254658385095 0.7018633540372671 0.011180124223602483 0.022360248447204897
4 0.42546583850931685 0.6720496894409937 0.011180124223602483 0.022360248447204897
4 0.4440993788819877 0.6695652173913041 0.011180124223602483 0.022360248447204897
4 0.6105590062111803 0.5329192546583851 0.011180124223602483 0.022360248447204897
4 0.5869565217391306 0.5180124223602484 0.011180124223602483 0.022360248447204897
4 0.5571428571428573 0.5204968944099378 0.011180124223602483 0.022360248447204897
13 0.875776397515528 0.40124223602484477 0.05465838509316769 0.10186335403726715
33 0.10310559006211181 0.36645962732919257 0.05465838509316769 0.10186335403726715
13 0.33602484472049693 0.2546583850931677 0.13540372670807457 0.22111801242236015
13 0.6726708074534162 0.26956521739130435 0.13540372670807457 0.22111801242236015
44 0.4937888198757765 0.613664596273292 0.520496894409938 0.019875776397515567
43 0.6478260869565218 0.6124223602484474 0.17763975155279504 0.022360248447204897
43 0.3546583850931677 0.5900621118012425 0.17763975155279504 0.022360248447204897
38 0.3521739130434782 0.5267080745341617 0.04099378881987578 0.11428571428571428
38 0.5440993788819877 0.5267080745341617 0.03478260869565219 0.10434782608695642
39 0.33229813664596275 0.5478260869565218 0.008695652173913047 0.057142857142857224
39 0.3714285714285715 0.5428571428571429 0.012422360248447202 0.05217391304347828