24 0.3474868574078303 0.5952251907680397 0.030853233443933162 0.058901627483872405
24 0.39587033712672554 0.5727864755360883 0.030853233443933162 0.058901627483872405
24 0.4267235705706587 0.5601646982181157 0.030853233443933162 0.058901627483872405
24 0.45407075475959935 0.5685792164300975 0.030853233443933162 0.058901627483872405
24 0.48492398820353266 0.5699816361320945 0.030853233443933162 0.058901627483872405
24 0.5157772216474655 0.5685792164300975 0.030853233443933162 0.058901627483872405
24 0.6945857336520782 0.5840058331520641 0.030853233443933162 0.058901627483872405
24 0.7387619542649825 0.5727864755360883 0.030853233443933162 0.058901627483872405
24 0.650409513039174 0.5994324498740307 0.030853233443933162 0.058901627483872405
24 0.619556279595241 0.5910179316620489 0.030853233443933162 0.058901627483872405
24 0.595013934810294 0.5910179316620489 0.030853233443933162 0.058901627483872405
24 0.5809897377903243 0.5629695376221097 0.030853233443933162 0.058901627483872405
24 0.5473316649423974 0.5629695376221097 0.030853233443933162 0.058901627483872405
24 0.3005057973909321 0.6821752122918514 0.030853233443933162 0.058901627483872405
24 0.6090381318302637 0.694796989609824 0.030853233443933162 0.058901627483872405
24 0.578886108237329 0.6905897305038329 0.030853233443933162 0.058901627483872405
24 0.6886254499185899 0.6660473857188838 0.020335085678955346 0.03225565314593149
24 0.2962985382849413 0.5769937346420793 0.030853233443933162 0.058901627483872405
24 0.2962985382849413 0.5769937346420793 0.030853233443933162 0.058901627483872405
24 0.42707417549615656 0.7165344949907746 0.020335085678955346 0.03225565314593149
6 0.4074355405569415 0.6722193324507374 0.018491348337875715 0.04195164077512965
13 0.6509839423960875 0.3443915050095431 0.14652971893359965 0.21466137168616506
13 0.35699119421720926 0.36492433186648054 0.14652971893359965 0.21466137168616506
6 0.7391125591904819 0.6548280281029109 0.025944764486943796 0.05188952897388759
33 0.899482048596294 0.38717862459263064 0.051938595981938215 0.10387719196387643
33 0.09325338824029819 0.40606538676788084 0.051938595981938215 0.10387719196387643
35 0.8593476789738873 0.36593101714547405 0.035412679078594245 0.03777352435050055
35 0.12040310886722044 0.3706527076892865 0.035412679078594245 0.03777352435050055
49 0.33602484472049693 0.7440993788819876 0.03354037267080745 0.07204968944099377
49 0.24906832298136647 0.7217391304347827 0.03354037267080745 0.07204968944099377
49 0.6552795031055901 0.7788819875776396 0.03354037267080745 0.07204968944099377
49 0.25900621118012424 0.4981366459627328 0.03354037267080745 0.07204968944099377
37 0.6509316770186336 0.7118012422360249 0.02732919254658398 0.09192546583850941
37 0.33913043478260874 0.6881987577639751 0.03975155279503106 0.09440993788819897
4 0.28260869565217395 0.5316770186335403 0.008695652173913047 0.0298136645962731
4 0.32111801242236027 0.5614906832298135 0.008695652173913047 0.0298136645962731
4 0.3658385093167702 0.563975155279503 0.008695652173913047 0.0298136645962731
4 0.40931677018633544 0.5490683229813664 0.008695652173913047 0.0298136645962731
4 0.44285714285714295 0.5490683229813664 0.008695652173913047 0.0298136645962731
4 0.501264635472325 0.544799361615747 0.008695652173913047 0.0298136645962731
4 0.5329971860694103 0.5429327409923888 0.008695652173913047 0.0298136645962731
4 0.5609964954197796 0.5466659822391049 0.008695652173913047 0.0298136645962731
4 0.5880624944584699 0.5503992234858207 0.008695652173913047 0.0298136645962731
4 0.6048620800686916 0.5746652915894743 0.008695652173913047 0.0298136645962731
4 0.6692604915745411 0.5634655678493264 0.008695652173913047 0.0298136645962731
4 0.713126076223453 0.5615989472259685 0.008695652173913047 0.0298136645962731
4 0.7476585577555752 0.5522658441091787 0.008695652173913047 0.0298136645962731
4 0.2716702987992963 0.6941290114843836 0.008695652173913047 0.0298136645962731
4 0.3202024350066032 0.7146618383413209 0.008695652173913047 0.0298136645962731
4 0.35753484747376213 0.6978622527310993 0.008695652173913047 0.0298136645962731
4 0.3883340877591686 0.7109285970946049 0.008695652173913047 0.0298136645962731
4 0.41446677648618 0.7090619764712471 0.008695652173913047 0.0298136645962731
4 0.44899925801830215 0.7221283208347528 0.008695652173913047 0.0298136645962731
4 0.48073180861538745 0.712795217717963 0.008695652173913047 0.0298136645962731
4 0.504997876719041 0.7258615620814687 0.008695652173913047 0.0298136645962731
4 0.5264640138876575 0.7221283208347528 0.008695652173913047 0.0298136645962731
4 0.5591298747964216 0.7389279064449745 0.008695652173913047 0.0298136645962731
4 0.5917957357051857 0.7239949414581107 0.008695652173913047 0.0298136645962731
4 0.6328613894190609 0.7295948033281849 0.008695652173913047 0.0298136645962731
4 0.7168593174701687 0.6866625289909516 0.008695652173913047 0.0298136645962731
4 0.7681913846125127 0.666129702134014 0.008695652173913047 0.0298136645962731
4 0.632861389419061 0.5727986709661163 0.008695652173913047 0.0298136645962731
4 0.46953208487523973 0.5429327409923889 0.008695652173913047 0.0298136645962731
4 0.671127112197899 0.712795217717963 0.008695652173913047 0.0298136645962731
44 0.5083997928051108 0.6265615448152282 0.5366534292154125 0.01119972374014793
43 0.6847954417124378 0.6181617520101174 0.19692847576426437 0.013066344363505778
43 0.3544035913780794 0.627494855126907 0.19692847576426437 0.013066344363505778