28 0.651552795031056 0.5540372670807454 0.03602484472049692 0.07453416149068331
28 0.27639751552795033 0.5639751552795031 0.03602484472049692 0.07453416149068331
23 0.29689440993788824 0.636024844720497 0.04968944099378881 0.05465838509316769
23 0.6968944099378885 0.5639751552795033 0.04968944099378881 0.05465838509316769
23 0.5875776397515529 0.5590062111801245 0.027329192546583746 0.034782608695652646
23 0.6118012422360251 0.5614906832298139 0.03105590062111758 0.054658385093167984
23 0.3652173913043479 0.5714285714285715 0.03478260869565231 0.05962732919254642
23 0.3192546583850932 0.573913043478261 0.04968944099378881 0.05465838509316769
23 0.3192546583850932 0.573913043478261 0.04968944099378881 0.05465838509316769
16 0.38571428571428495 0.6509316770186331 0.026086956521739483 0.06956521739130352
16 0.34223602484472054 0.6496894409937889 0.033540372670807415 0.0819875776397516
16 0.6428571428571429 0.6434782608695653 0.045962732919254706 0.1043478260869567
18 0.6453416149068324 0.7192546583850933 0.02360248447204981 0.1267080745341616
24 0.6024844720496896 0.622360248447205 0.017391304347826094 0.03229813664596279
4 0.2633540372670808 0.5105590062111801 0.009937888198757783 0.0422360248447206
4 0.3055900621118013 0.5329192546583851 0.009937888198757783 0.0422360248447206
4 0.3416149068322981 0.537888198757764 0.009937888198757783 0.0422360248447206
4 0.37142857142857144 0.5304347826086957 0.009937888198757783 0.0422360248447206
4 0.3975155279503106 0.5354037267080746 0.009937888198757783 0.0422360248447206
4 0.4248447204968945 0.5180124223602485 0.009937888198757783 0.0422360248447206
4 0.4844720496894411 0.5254658385093168 0.009937888198757783 0.0422360248447206
4 0.5180124223602485 0.5229813664596273 0.009937888198757783 0.0422360248447206
4 0.5453416149068323 0.5180124223602485 0.009937888198757783 0.0422360248447206
4 0.5763975155279504 0.5105590062111801 0.009937888198757783 0.0422360248447206
4 0.6024844720496895 0.5229813664596273 0.009937888198757783 0.0422360248447206
4 0.6298136645962734 0.5229813664596273 0.009937888198757783 0.0422360248447206
4 0.6695652173913045 0.5155279503105589 0.009937888198757783 0.0422360248447206
4 0.7130434782608696 0.5105590062111801 0.009937888198757783 0.0422360248447206
4 0.26832298136645966 0.6521739130434783 0.009937888198757783 0.0422360248447206
4 0.315527950310559 0.667080745341615 0.009937888198757783 0.0422360248447206
4 0.3639751552795031 0.6695652173913045 0.009937888198757783 0.0422360248447206
4 0.3962732919254659 0.667080745341615 0.009937888198757783 0.0422360248447206
4 0.3962732919254659 0.6695652173913045 0.009937888198757783 0.0422360248447206
4 0.4285714285714286 0.684472049689441 0.009937888198757783 0.0422360248447206
4 0.4484472049689441 0.6695652173913045 0.009937888198757783 0.0422360248447206
4 0.46832298136645967 0.667080745341615 0.009937888198757783 0.0422360248447206
4 0.4869565217391305 0.6695652173913045 0.009937888198757783 0.0422360248447206
4 0.5080745341614907 0.667080745341615 0.009937888198757783 0.0422360248447206
4 0.5316770186335404 0.6645962732919255 0.009937888198757783 0.0422360248447206
4 0.5577639751552795 0.6720496894409939 0.009937888198757783 0.0422360248447206
4 0.5850931677018634 0.6745341614906832 0.009937888198757783 0.0422360248447206
4 0.6198757763975156 0.667080745341615 0.009937888198757783 0.0422360248447206
40 0.6434782608695652 0.7378881987577641 0.027329192546583846 0.10931677018633551
33 0.8695652173913044 0.32049689440993784 0.052173913043478265 0.10931677018633539
49 0.09937888198757765 0.3279503105590062 0.052173913043478265 0.10931677018633539
54 0.9086956521739133 0.5254658385093169 0.08571428571428485 0.1416149068322983
35 0.12795031055900621 0.29316770186335395 0.03726708074534159 0.07453416149068331
35 0.8472049689440996 0.29565217391304344 0.03726708074534159 0.07453416149068331
49 0.2527950310559007 0.4807453416149069 0.026086956521739122 0.06708074534161483
49 0.24409937888198763 0.6596273291925466 0.026086956521739122 0.06708074534161483
49 0.7248447204968945 0.4832298136645963 0.026086956521739122 0.06708074534161483
49 0.6726708074534162 0.6944099378881988 0.026086956521739122 0.06708074534161483
49 0.7099378881987579 0.6844720496894411 0.026086956521739122 0.06708074534161483
48 0.7633540372670808 0.9043478260869566 0.10062111801242243 0.054658385093167824
48 0.24161490683229814 0.9118012422360249 0.10062111801242243 0.054658385093167824
54 0.32111801242236027 0.2683229813664597 0.18509316770186338 0.24347826086956523
13 0.6527950310559008 0.2683229813664597 0.18509316770186338 0.24347826086956523
54 0.06273291925465867 0.5105590062111803 0.08571428571428485 0.1416149068322983
43 0.6639751552795032 0.5962732919254659 0.1726708074534162 0.03975155279503099
43 0.31118012422360253 0.591304347826087 0.1726708074534162 0.03975155279503099
44 0.4652173913043479 0.5888198757763976 0.6347826086956523 0.02484472049689458