16 0.29305477131564106 0.5223037831733484 0.0508187464709203 0.08808582721626208
24 0.7476002258610953 0.6041784302653869 0.03387916431394693 0.04291360813099942
24 0.3997741389045739 0.6041784302653878 0.022586109542631155 0.03387916431394688
24 0.254093732354602 0.5928853754940712 0.03387916431394693 0.04291360813099942
24 0.254093732354602 0.5928853754940712 0.03387916431394693 0.04291360813099942
24 0.254093732354602 0.5928853754940712 0.03387916431394693 0.04291360813099942
24 0.3382269904009034 0.5115753811405988 0.030491247882552242 0.051948051948051896
28 0.3608130999435347 0.6154714850367026 0.0530773574251835 0.07453416149068318
28 0.6544325239977414 0.6177300959909656 0.0530773574251835 0.07453416149068318
28 0.7538114059853196 0.5296442687747039 0.03500846979107764 0.06098249576510411
28 0.7154150197628463 0.5319028797289673 0.03274985883681592 0.07001693958215584
28 0.6713721061547154 0.5307735742518351 0.037267080745342795 0.0858272162619985
28 0.7018633540372675 0.6211180124223609 0.039525691699604515 0.06775832862789354
28 0.4105025409373236 0.5273856578204407 0.028232636928289402 0.09260304912478795
28 0.3043478260869566 0.6199887069452288 0.0530773574251835 0.07453416149068318
28 0.3794466403162057 0.5239977413890464 0.031620553359683605 0.07227555053642111
28 0.626764539808018 0.7396950875211745 0.00451722190852621 0.011293054771315668
32 0.4054206662902316 0.4257481648785998 0.02484472049689446 0.11067193675889303
32 0.3354037267080746 0.4155844155844157 0.03839638622247321 0.11744776962168267
4 0.7701863354037268 0.4981366459627329 0.009937888198757747 0.03726708074534159
4 0.26708074534161497 0.48571428571428577 0.009937888198757747 0.03726708074534159
4 0.31677018633540377 0.5031055900621119 0.009937888198757747 0.03726708074534159
4 0.36024844720496896 0.5055900621118014 0.009937888198757747 0.03726708074534159
4 0.3937888198757765 0.498136645962733 0.009937888198757747 0.03726708074534159
4 0.42111801242236035 0.48571428571428577 0.009937888198757747 0.03726708074534159
4 0.4496894409937889 0.47080745341614905 0.009937888198757747 0.03726708074534159
4 0.4819875776397516 0.46832298136645967 0.009937888198757747 0.03726708074534159
4 0.5155279503105591 0.47826086956521746 0.009937888198757747 0.03726708074534159
4 0.546583850931677 0.4807453416149069 0.009937888198757747 0.03726708074534159
4 0.5726708074534163 0.48819875776397526 0.009937888198757747 0.03726708074534159
4 0.5987577639751553 0.5031055900621119 0.009937888198757747 0.03726708074534159
4 0.6248447204968944 0.5180124223602485 0.009937888198757747 0.03726708074534159
4 0.6546583850931678 0.5055900621118014 0.009937888198757747 0.03726708074534159
4 0.6944099378881988 0.5055900621118014 0.009937888198757747 0.03726708074534159
4 0.7329192546583851 0.5080745341614907 0.009937888198757747 0.03726708074534159
4 0.22608695652173916 0.5925465838509317 0.009937888198757747 0.03726708074534159
4 0.2770186335403727 0.6496894409937889 0.009937888198757747 0.03726708074534159
4 0.729192546583851 0.6496894409937889 0.009937888198757747 0.03726708074534159
4 0.6745341614906833 0.6621118012422361 0.009937888198757747 0.03726708074534159
4 0.6335403726708075 0.6596273291925467 0.009937888198757747 0.03726708074534159
4 0.5987577639751553 0.6695652173913045 0.009937888198757747 0.03726708074534159
4 0.5751552795031056 0.6596273291925467 0.009937888198757747 0.03726708074534159
4 0.5515527950310559 0.6472049689440994 0.009937888198757747 0.03726708074534159
4 0.5316770186335404 0.6422360248447205 0.009937888198757747 0.03726708074534159
4 0.5130434782608696 0.6322981366459628 0.009937888198757747 0.03726708074534159
4 0.49565217391304356 0.6298136645962733 0.009937888198757747 0.03726708074534159
4 0.475776397515528 0.6496894409937889 0.009937888198757747 0.03726708074534159
4 0.44720496894409945 0.6472049689440994 0.009937888198757747 0.03726708074534159
4 0.4260869565217391 0.6571428571428573 0.009937888198757747 0.03726708074534159
4 0.41863354037267086 0.6496894409937889 0.009937888198757747 0.03726708074534159
4 0.3913222349881761 0.6491553560962579 0.009937888198757747 0.03726708074534159
4 0.33347242228080143 0.6460700327518645 0.009937888198757747 0.03726708074534159
4 0.2301140902436253 0.48409055717121524 0.009937888198757747 0.03726708074534159
13 0.9360248447204969 0.32049689440993795 0.06335403726708076 0.13416149068322988
33 0.03664596273291927 0.32049689440993795 0.06335403726708076 0.13416149068322988
33 0.03664596273291927 0.32049689440993795 0.06335403726708076 0.13416149068322988
13 0.34037267080745337 0.22732919254658385 0.21863354037267083 0.24596273291925466
13 0.7055900621118013 0.27453416149068327 0.21863354037267083 0.24596273291925466
44 0.5074534161490684 0.5590062111801244 0.5751552795031056 0.04968944099378873
43 0.6869565217391305 0.560248447204969 0.24099378881987576 0.022360248447204897
43 0.30807453416149067 0.5503105590062113 0.24099378881987576 0.022360248447204897