18 0.6470588235294115 0.3863275039745629 0.03815580286168531 0.1112877583465821
18 0.3767885532591412 0.3863275039745629 0.03815580286168531 0.1112877583465821
16 0.3751987281399046 0.46899841017488075 0.04133545310015897 0.10492845786963442
16 0.6613672496025439 0.47535771065182825 0.04133545310015897 0.10492845786963442
28 0.3593004769475357 0.5914149443561209 0.044515103338632754 0.06995230524642296
28 0.6263910969793323 0.4960254372019075 0.03179650238473752 0.0699523052464228
28 0.33386327503974556 0.47376788553259125 0.044515103338632754 0.06995230524642296
28 0.6454689984101748 0.5977742448330683 0.044515103338632754 0.06995230524642296
24 0.7201907790143083 0.5310015898251192 0.015898251192368918 0.05087440381558031
24 0.42607313195548474 0.5087440381558029 0.015898251192368918 0.05087440381558031
4 0.35850556438791736 0.43879173290938 0.011128775834658206 0.03179650238473769
4 0.3918918918918919 0.4419713831478539 0.011128775834658206 0.03179650238473769
4 0.6717011128775834 0.43561208267090634 0.011128775834658206 0.03179650238473769
4 0.7082670906200318 0.41971383147853747 0.011128775834658206 0.03179650238473769
4 0.5031796502384739 0.4769475357710653 0.011128775834658206 0.03179650238473769
4 0.5381558028616852 0.467408585055644 0.011128775834658206 0.03179650238473769
4 0.5874403815580286 0.4546899841017489 0.011128775834658206 0.03179650238473769
4 0.390302066772655 0.44515103338632755 0.011128775834658206 0.03179650238473769
4 0.32988871224165345 0.6041335453100161 0.011128775834658206 0.03179650238473769
4 0.2821939586645469 0.5691573926868045 0.011128775834658206 0.03179650238473769
4 0.5747217806041335 0.6550079491255963 0.011128775834658206 0.03179650238473769
4 0.41573926868044514 0.46104928457869643 0.011128775834658206 0.03179650238473769
4 0.4379968203497615 0.6486486486486489 0.011128775834658206 0.03179650238473769
4 0.4793322734499205 0.4642289348171702 0.011128775834658206 0.03179650238473769
4 0.5969793322734499 0.6518282988871227 0.011128775834658206 0.03179650238473769
4 0.6271860095389507 0.6359300476947538 0.011128775834658206 0.03179650238473769
4 0.6701112877583465 0.6232114467408587 0.011128775834658206 0.03179650238473769
4 0.7114467408585056 0.5914149443561211 0.011128775834658206 0.03179650238473769
4 0.48728139904610496 0.6486486486486489 0.011128775834658206 0.03179650238473769
4 0.5047694753577108 0.6486486486486489 0.011128775834658206 0.03179650238473769
4 0.5302066772655007 0.6581875993640703 0.011128775834658206 0.03179650238473769
4 0.5476947535771065 0.6645468998410177 0.011128775834658206 0.03179650238473769
4 0.3823529411764706 0.6295707472178064 0.011128775834658206 0.03179650238473769
4 0.4682034976152623 0.6518282988871227 0.011128775834658206 0.03179650238473769
4 0.4682034976152623 0.6518282988871227 0.011128775834658206 0.03179650238473769
4 0.4507154213036566 0.45786963434022276 0.011128775834658206 0.03179650238473769
4 0.636724960254372 0.4546899841017491 0.011128775834658206 0.03179650238473769
4 0.7384737678855325 0.40063593004769493 0.011128775834658206 0.03179650238473769
4 0.3171701112877583 0.43243243243243257 0.011128775834658206 0.03179650238473769
4 0.4093799682034976 0.6295707472178063 0.011128775834658206 0.03179650238473769
33 0.8545310015898251 0.21621621621621623 0.05246422893481715 0.11446740858505565
33 0.12003179650238474 0.20985691573926868 0.05246422893481715 0.11446740858505565
33 0.12003179650238474 0.20985691573926868 0.05246422893481715 0.11446740858505565
44 0.3179650238473768 0.5373608903020668 0.04133545310015901 0.05723370429252789
43 0.5325914149443561 0.5325914149443561 0.5214626391096979 0.09856915739268679
40 0.37758346581875996 0.37678855325914146 0.033386327503974585 0.13672496025437197
40 0.6478537360890302 0.37678855325914146 0.033386327503974585 0.13672496025437197
49 0.24880763116057236 0.6009538950715422 0.0397456279809221 0.07631160572337052
49 0.2933227344992051 0.3465818759936407 0.0397456279809221 0.07631160572337052