18 0.3868516022205004 0.46089922790202353 0.03616167620179783 0.07179845580404669
38 0.4186046511627907 0.5104166666666667 0.03322259136212625 0.0625
18 0.4578338445862038 0.4539203940362086 0.03066668081899528 0.08089723109691162
38 0.606312292358804 0.5291666666666667 0.03322259136212625 0.04583333333333333
4 0.6491974116246765 0.5967278329382412 0.04318936877076411 0.05208333333333334
18 0.3787375415282392 0.6239583333333333 0.036544850498338874 0.11041666666666666
16 0.3907592370479659 0.5270134451544196 0.053156146179401995 0.056249999999999994
16 0.35299003322259137 0.528125 0.04152823920265781 0.05208333333333334
16 0.38704318936877075 0.521875 0.036544850498338874 0.06041666666666667
16 0.4501661129568107 0.5104166666666667 0.03322259136212625 0.06666666666666667
24 0.4784053156146179 0.5125 0.026578073089700997 0.05416666666666667
23 0.5240863787375416 0.5072916666666667 0.018272425249169437 0.027083333333333334
24 0.5406976744186047 0.5291666666666667 0.024916943521594685 0.05
24 0.5780730897009967 0.5229166666666667 0.026578073089700997 0.05833333333333333
16 0.6403654485049834 0.5302083333333333 0.04152823920265781 0.06458333333333334
16 0.6802325581395349 0.5364583333333333 0.04485049833887043 0.05208333333333334
23 0.723421926910299 0.5479166666666666 0.018272425249169437 0.016666666666666666
33 0.6935215946843855 0.5968749999999999 0.05149501661129568 0.05625
16 0.6123483116214462 0.6048211000790183 0.03986710963455149 0.06041666666666666
16 0.3837209302325581 0.5927083333333333 0.046511627906976744 0.04791666666666667
16 0.3089700996677741 0.5302083333333333 0.053156146179401995 0.05625
24 0.5115186354248575 0.5671120069322794 0.002384702263052887 0.00447131674322435
33 0.9030036820694125 0.44268212062381035 0.07462840347681095 0.09837380458306896
33 0.04545548211769394 0.41384841928049704 0.07462840347681095 0.09837380458306896
38 0.613988228604672 0.5223988243376766 0.03663576170679818 0.06445180300270024
38 0.4145268593121044 0.5156144240216027 0.042063281959657105 0.07462840347681081
38 0.6499455502798624 0.6250128791182916 0.03527888164358345 0.08989330418797685
39 0.33379249555082713 0.5249429744562041 0.0217100810114359 0.04579470213349751
39 0.37585577751048416 0.5215507742981673 0.0217100810114359 0.04579470213349751
39 0.43691538035514765 0.5215507742981673 0.0217100810114359 0.04579470213349751
39 0.6214510689523529 0.5334234748512963 0.0217100810114359 0.04579470213349751
39 0.6621574708487954 0.5419039752463884 0.0217100810114359 0.04579470213349751
39 0.6702987512280837 0.6097479784071257 0.0217100810114359 0.04579470213349751
39 0.6268785892052119 0.6190765288417273 0.02171008101143606 0.05088300237055312
37 0.42063281959657073 0.445226270742338 0.03527888164358334 0.07293230339779257
37 0.6119529085098497 0.4774521722436883 0.03527888164358334 0.07293230339779257
37 0.6567299505959363 0.6504543803035682 0.03527888164358334 0.07293230339779257
40 0.3778910976053063 0.6640231809357156 0.0393495218332276 0.10346210482012438
40 0.45659014127176145 0.4554028712164486 0.0393495218332276 0.10346210482012438
40 0.37653421754209154 0.43165747011019057 0.0393495218332276 0.10346210482012438
4 0.3430232558139535 0.49583333333333335 0.04485049833887043 0.016666666666666666
4 0.5058139534883721 0.49583333333333324 0.0049833887043189366 0.0125
4 0.5232558139534884 0.4989583333333333 0.03986710963455149 0.01875
4 0.5514950166112956 0.5 0.036544850498338874 0.029166666666666664
4 0.5755813953488372 0.5 0.03820598006644518 0.029166666666666664
4 0.648671096345515 0.49375 0.024916943521594685 0.025
4 0.6868770764119602 0.5041666666666667 0.05149501661129568 0.016666666666666666
4 0.71843853820598 0.5104166666666666 0.03820598006644518 0.029166666666666664
4 0.7009966777408638 0.6208333333333332 0.03986710963455149 0.029166666666666664
4 0.595514950166113 0.6229166666666667 0.0049833887043189366 0.0125
4 0.5813953488372093 0.615625 0.03322259136212625 0.027083333333333334
4 0.5548172757475083 0.6124999999999999 0.03986710963455149 0.029166666666666664
4 0.5299003322259137 0.6104166666666667 0.029900332225913623 0.03333333333333333
4 0.5074750830564785 0.60625 0.024916943521594685 0.025
4 0.4900332225913621 0.6072916666666667 0.026578073089700997 0.022916666666666665
4 0.47176079734219273 0.6072916666666667 0.023255813953488372 0.022916666666666665
4 0.46179401993355484 0.6124999999999999 0.0033222591362126247 0.008333333333333333
6 0.28820598006644516 0.5145833333333333 0.008305647840531562 0.008333333333333333
6 0.49501661129568103 0.5125 0.006644518272425249 0.02083333333333333
6 0.5772425249169435 0.490625 0.014950166112956811 0.014583333333333332
6 0.7109634551495017 0.5291666666666667 0.016611295681063124 0.04166666666666666
6 0.5863787375415282 0.6104166666666666 0.009966777408637873 0.0125
13 0.3473612961829746 0.306994114302336 0.21438704998792957 0.1730022080598799
13 0.6730125113545133 0.3290434153295755 0.21438704998792957 0.1730022080598799
24 0.5041528239202658 0.6083333333333333 0.008305647840531562 0.008333333333333333
24 0.48754152823920266 0.6041666666666666 0.014950166112956811 0.016666666666666666
24 0.46760797342192695 0.6052083333333333 0.011627906976744186 0.022916666666666665
24 0.4393687707641196 0.6041666666666666 0.018272425249169437 0.025
24 0.40863787375415284 0.5979166666666667 0.016611295681063124 0.029166666666666664
0 0.48754152823920266 0.44999999999999996 0.014950166112956811 0.0125
0 0.6960132890365448 0.45104166666666673 0.019933554817275746 0.022916666666666665
0 0.590531561461794 0.6822916666666667 0.014950166112956811 0.01875
35 0.8616188401413627 0.4130003692409878 0.05427520252858978 0.055971302607608145
35 0.07327152341359618 0.409608169082951 0.05427520252858978 0.055971302607608145
36 0.5074731436423143 0.5351195749303148 0.00814128037928839 0.4121523192014786
44 0.5074731436423144 0.5741298767477387 0.5237557044008914 0.018657100869202806
43 0.6994716725872008 0.563105226234119 0.1750375281547021 0.023745401106258016
43 0.3358278156456493 0.5580169259970637 0.1750375281547021 0.023745401106258016
49 0.3398984558352935 0.6487582802245496 0.03934952183322757 0.04918690229153455
49 0.6601221507539732 0.6589348806986602 0.03934952183322757 0.04918690229153455
49 0.2544150118527646 0.48423657255976194 0.03934952183322757 0.04918690229153455
49 0.2069242096402485 0.4774521722436883 0.03934952183322757 0.04918690229153455
49 0.7673156757479378 0.4859326726387803 0.03934952183322757 0.04918690229153455
49 0.6194157488575308 0.47575607216466975 0.03934952183322757 0.04918690229153455
49 0.2991920539388511 0.6470621801455312 0.03934952183322757 0.04918690229153455
49 0.41588373937531925 0.4604911714535039 0.03934952183322757 0.04918690229153455
49 0.7605312754318643 0.6199245788812363 0.03934952183322757 0.04918690229153455
49 0.25305813178954983 0.6385816797504391 0.03934952183322757 0.04918690229153455