4 0.2641666666666667 0.46458333333333335 0.051666666666666666 0.016666666666666666
4 0.30666666666666664 0.47083333333333327 0.056666666666666664 0.025
4 0.3325 0.47812499999999997 0.005 0.010416666666666664
4 0.495 0.4729166666666666 0.006666666666666667 0.0125
4 0.495 0.4729166666666666 0.006666666666666667 0.0125
4 0.5625 0.4729166666666666 0.005 0.0125
4 0.5625 0.4729166666666666 0.005 0.0125
4 0.6475 0.48437500000000006 0.005 0.010416666666666664
4 0.6716666666666666 0.47708333333333336 0.05333333333333334 0.025
4 0.6925000000000001 0.4729166666666667 0.011666666666666667 0.016666666666666666
4 0.3908333333333333 0.5697916666666667 0.005 0.010416666666666664
4 0.37333333333333335 0.565625 0.04 0.01875
28 0.34786208732694346 0.5448948349307772 0.042390841320553985 0.035210330138444886
4 0.33416666666666667 0.5635416666666667 0.055 0.022916666666666665
4 0.3108333333333333 0.5572916666666667 0.008333333333333333 0.010416666666666664
23 0.39169329073482423 0.4776357827476038 0.011501597444089455 0.025559105431309917
23 0.41980830670926517 0.476038338658147 0.011501597444089455 0.025559105431309917
23 0.45559105431309904 0.4696485623003195 0.011501597444089455 0.025559105431309917
23 0.5271565495207668 0.4744408945686901 0.011501597444089455 0.025559105431309917
23 0.2651757188498402 0.5447284345047924 0.011501597444089455 0.025559105431309917
23 0.5399361022364217 0.5750798722044729 0.011501597444089455 0.025559105431309917
23 0.5182108626198083 0.5559105431309904 0.011501597444089455 0.025559105431309917
23 0.49648562300319476 0.5575079872204474 0.011501597444089455 0.025559105431309917
23 0.4773162939297124 0.5591054313099042 0.011501597444089455 0.025559105431309917
23 0.45814696485623 0.5702875399361023 0.011501597444089455 0.025559105431309917
23 0.4249201277955271 0.5670926517571886 0.011501597444089455 0.025559105431309917
23 0.5667731629392971 0.5686900958466454 0.011501597444089455 0.025559105431309917
23 0.6025559105431311 0.5718849840255592 0.011501597444089455 0.025559105431309917
23 0.6894568690095847 0.562300319488818 0.011501597444089455 0.025559105431309917
23 0.6357827476038339 0.5638977635782748 0.011501597444089455 0.025559105431309917
23 0.7303514376996805 0.5319488817891375 0.011501597444089455 0.025559105431309917
23 0.736741214057508 0.46166134185303515 0.011501597444089455 0.025559105431309917
23 0.6191693290734824 0.4856230031948882 0.011501597444089455 0.025559105431309917
23 0.5936102236421725 0.48242811501597443 0.011501597444089455 0.025559105431309917
23 0.2230031948881789 0.5175718849840256 0.011501597444089455 0.025559105431309917
23 0.36102236421725237 0.4840255591054313 0.011501597444089455 0.025559105431309917
23 0.36102236421725237 0.4840255591054313 0.011501597444089455 0.025559105431309917
23 0.36102236421725237 0.4840255591054313 0.011501597444089455 0.025559105431309917
24 0.37 0.5052083333333334 0.02666666666666667 0.022916666666666665
24 0.4358333333333333 0.49166666666666664 0.008333333333333333 0.0125
24 0.5375 0.48854166666666665 0.008333333333333333 0.010416666666666664
24 0.575 0.509375 0.01 0.010416666666666664
24 0.6033333333333334 0.5125 0.023333333333333334 0.0125
24 0.6383333333333333 0.515625 0.02 0.014583333333333332
24 0.6725 0.5125 0.025 0.0125
24 0.7183333333333333 0.4947916666666667 0.03666666666666667 0.01875
24 0.5874999999999999 0.5593750000000001 0.015 0.01875
24 0.4041666666666666 0.5635416666666667 0.011666666666666667 0.022916666666666665
24 0.2508333333333333 0.509375 0.03166666666666667 0.01875
24 0.6925 0.5249999999999999 0.03833333333333333 0.025
6 0.4216666666666667 0.496875 0.006666666666666667 0.00625
13 0.3220447284345049 0.29872204472843455 0.17124600638977625 0.16932907348242815
13 0.6594249201277956 0.3115015974440895 0.17124600638977625 0.16932907348242815
49 0.6638977635782748 0.5862619808306709 0.03706070287539909 0.04472843450479216
49 0.7584664536741215 0.5527156549520766 0.03706070287539909 0.04472843450479216
49 0.22044728434504793 0.42811501597444085 0.03706070287539909 0.04472843450479216
49 0.7520766773162939 0.4249201277955271 0.03706070287539909 0.04472843450479216
36 0.4888178913738019 0.5231629392971247 0.0038338658146965087 0.43929712460063897
35 0.8920127795527157 0.32747603833865807 0.03578274760383386 0.047923322683706075
35 0.0779552715654952 0.3210862619808306 0.03578274760383386 0.047923322683706075
48 0.8300319488817891 0.6445686900958468 0.16996805111821087 0.0463258785942493
48 0.16293929712460065 0.641373801916933 0.16996805111821087 0.0463258785942493
0 0.7217630424176744 0.6016684274977049 0.010315625814401343 0.01091075807292448
0 0.43292551961443837 0.4142017660629124 0.010315625814401343 0.01091075807292448
0 0.3980110937810801 0.40130723379491073 0.010315625814401343 0.01091075807292448