4 0.27939938087587773 0.46662330409491837 0.005939247437957106 0.01866620623357946
4 0.3201256490218695 0.48359258248908177 0.005939247437957106 0.01866620623357946
4 0.3676396285255266 0.47850179897083267 0.005939247437957106 0.01866620623357946
4 0.3981843296350206 0.4717140876131674 0.005939247437957106 0.01866620623357946
4 0.4210928554671409 0.48528951032849815 0.005939247437957106 0.01866620623357946
4 0.4516375565766346 0.48189565464966544 0.005939247437957106 0.01866620623357946
4 0.4753945463284634 0.49207722168616336 0.005939247437957106 0.01866620623357946
4 0.5042423195985406 0.48359258248908177 0.005939247437957106 0.01866620623357946
4 0.5330900928686182 0.4886833660073307 0.005939247437957106 0.01866620623357946
4 0.5559986187007384 0.4869864381679144 0.005939247437957106 0.01866620623357946
4 0.5848463919708161 0.48359258248908177 0.005939247437957106 0.01866620623357946
4 0.6357542271533059 0.4869864381679145 0.005939247437957106 0.01866620623357946
4 0.6824197427372548 0.48189565464966544 0.005939247437957106 0.01866620623357946
4 0.7206006191241219 0.4734110154525837 0.005939247437957106 0.01866620623357946
4 0.2590362468028819 0.6312253045183017 0.005939247437957106 0.01866620623357946
4 0.3141864015839124 0.6515884385912974 0.005939247437957106 0.01866620623357946
4 0.36679116460581845 0.6583761499489629 0.005939247437957106 0.01866620623357946
4 0.3939420100364796 0.6634669334672119 0.005939247437957106 0.01866620623357946
4 0.4261836389853898 0.6736485005037098 0.005939247437957106 0.01866620623357946
4 0.45587987617517556 0.6668607891460447 0.005939247437957106 0.01866620623357946
4 0.48303072160583677 0.6651638613066283 0.005939247437957106 0.01866620623357946
4 0.500848463919708 0.6634669334672118 0.005939247437957106 0.01866620623357946
4 0.5229085258321202 0.6685577169854607 0.005939247437957106 0.01866620623357946
4 0.5449685877445326 0.6685577169854611 0.005939247437957106 0.01866620623357946
4 0.5772102166934426 0.6736485005037098 0.005939247437957106 0.01866620623357946
4 0.600967206445271 0.6668607891460447 0.005939247437957106 0.01866620623357946
4 0.6815712788175464 0.6498915107518813 0.005939247437957106 0.01866620623357946
4 0.6332088353941813 0.6600730777883794 0.005939247437957106 0.01866620623357946
4 0.7273883304817873 0.6295283766788854 0.005939247437957106 0.01866620623357946
6 0.3633973089269858 0.509894964000035 0.011030030956206076 0.023756989751828425
13 0.6608695652173915 0.2086956521739131 0.1540372670807454 0.23354037267080754
13 0.33788819875776405 0.19378881987577645 0.1540372670807454 0.23354037267080754
33 0.0627329192546584 0.2857142857142858 0.05093167701863357 0.09937888198757747
33 0.9074534161490685 0.28819875776397524 0.05093167701863357 0.09937888198757747
44 0.49689440993788825 0.563975155279504 0.4496894409937891 0.034782608695652
49 0.2596273291925466 0.4260869565217391 0.029813664596273295 0.06708074534161483
49 0.22981366459627334 0.6496894409937889 0.029813664596273295 0.06708074534161483
49 0.7354037267080746 0.4335403726708075 0.029813664596273295 0.06708074534161483
49 0.751552795031056 0.6596273291925466 0.029813664596273295 0.06708074534161483