24 0.24166666666666667 0.5479166666666667 0.02666666666666667 0.03333333333333333
24 0.2808333333333333 0.5625 0.04166666666666666 0.029166666666666664
32 0.3872227161268916 0.5046663145004586 0.04111209892045133 0.07183262900091845
24 0.615 0.575 0.03 0.02083333333333333
24 0.6508333333333334 0.5739583333333333 0.03833333333333333 0.027083333333333334
24 0.6958333333333332 0.575 0.028333333333333332 0.016666666666666666
24 0.7333333333333334 0.5760416666666667 0.02 0.022916666666666665
24 0.6699999999999999 0.615625 0.03666666666666667 0.01875
6 0.6499999999999999 0.6239583333333334 0.006666666666666667 0.00625
24 0.32333333333333336 0.6114583333333333 0.04 0.022916666666666665
32 0.3892164970741412 0.5628959278531477 0.026185819375018723 0.03868359680400488
24 0.4102445035419592 0.5693431939871484 0.012696154848493962 0.02182151614584882
6 0.2797121615058813 0.6030673553034605 0.03570793551138905 0.029756612926157614
24 0.6252856262883247 0.6229050972542322 0.042849522613666764 0.03769170970646634
24 0.3677917357673077 0.6124902827300768 0.0372949548674508 0.02082962904831021
49 0.5864036520648118 0.6219132101566929 0.025392309696988503 0.027772838731081426
49 0.7228873166861215 0.658117089216852 0.033327406477296505 0.03669982260892766
4 0.265 0.5260416666666666 0.01 0.022916666666666665
4 0.2841666666666667 0.5322916666666666 0.04833333333333333 0.035416666666666666
4 0.30500000000000005 0.5427083333333333 0.006666666666666667 0.014583333333333332
28 0.36166666666666664 0.56875 0.03333333333333333 0.029166666666666664
4 0.63 0.553125 0.006666666666666667 0.014583333333333332
4 0.7133333333333333 0.5499999999999999 0.006666666666666667 0.016666666666666666
4 0.73 0.5458333333333333 0.04 0.025
28 0.34632587859424924 0.536741214057508 0.012779552715654958 0.02236421725239623
28 0.37316293929712463 0.549520766773163 0.012779552715654958 0.02236421725239623
28 0.410223642172524 0.5415335463258786 0.012779552715654958 0.02236421725239623
28 0.43961661341853037 0.5463258785942492 0.012779552715654958 0.02236421725239623
28 0.4677316293929712 0.5511182108626198 0.012779552715654958 0.02236421725239623
28 0.5392971246006389 0.5431309904153354 0.012779552715654958 0.02236421725239623
28 0.5699680511182108 0.5415335463258786 0.012779552715654958 0.02236421725239623
28 0.6044728434504792 0.549520766773163 0.012779552715654958 0.02236421725239623
28 0.6824281150159742 0.549520766773163 0.012779552715654958 0.02236421725239623
28 0.6517571884984025 0.646964856230032 0.012779552715654958 0.02236421725239623
28 0.28498402555910546 0.6389776357827476 0.012779552715654958 0.02236421725239623
28 0.3412140575079872 0.6533546325878594 0.012779552715654958 0.02236421725239623
28 0.3936102236421725 0.6485623003194888 0.012779552715654958 0.02236421725239623
28 0.45111821086261983 0.6405750798722044 0.012779552715654958 0.02236421725239623
28 0.47667731629392973 0.6485623003194888 0.012779552715654958 0.02236421725239623
28 0.5022364217252396 0.6549520766773163 0.012779552715654958 0.02236421725239623
28 0.518849840255591 0.6549520766773163 0.012779552715654958 0.02236421725239623
28 0.5495207667731629 0.6629392971246005 0.012779552715654958 0.02236421725239623
28 0.6057507987220447 0.65814696485623 0.012779552715654958 0.02236421725239623
28 0.5738019169329073 0.65814696485623 0.012779552715654958 0.02236421725239623
28 0.7092651757188498 0.6405750798722044 0.012779552715654958 0.02236421725239623
28 0.23130990415335465 0.5223642172523961 0.012779552715654958 0.02236421725239623
28 0.3266666666666667 0.5677083333333333 0.05 0.04375
6 0.7174999999999999 0.5666666666666667 0.005 0.008333333333333333
6 0.6466666666666666 0.6260416666666667 0.006666666666666667 0.00625
13 0.35390531640176753 0.4007223874055889 0.1444187614016181 0.14283174204555635
13 0.6530584650194051 0.40865748418589753 0.1444187614016181 0.14283174204555635
44 0.48205712940375284 0.5928303464604106 0.48959547134504616 0.008926983877847334
43 0.6665481295459298 0.6007654432407191 0.1761591485228529 0.02082962904831035
43 0.32295843895856363 0.5858871367776403 0.1761591485228529 0.02082962904831035
33 0.8866666666666666 0.4666666666666666 0.06333333333333332 0.058333333333333355
33 0.07333333333333332 0.44791666666666663 0.06333333333333332 0.058333333333333355
36 0.5083333333333333 0.5760416666666667 0.006666666666666643 0.33958333333333335
0 0.7416666666666666 0.47812499999999997 0.05333333333333329 0.039583333333333366
0 0.6525000000000002 0.722916666666667 0.041666666666666484 0.03749999999999973
48 0.7625000000000001 0.7864583333333335 0.12166666666666671 0.03125
48 0.2908333333333334 0.771875 0.12166666666666671 0.03125