28 0.30683229813664603 0.5614906832298137 0.03975155279503106 0.06459627329192558
28 0.33416149068322987 0.48198757763975153 0.03975155279503106 0.06459627329192558
28 0.3677018633540373 0.4931677018633541 0.027329192546583777 0.05217391304347836
28 0.3552795031055901 0.5788819875776398 0.03975155279503106 0.06459627329192558
28 0.6658385093167701 0.49440993788819876 0.03975155279503106 0.06459627329192558
28 0.7192546583850933 0.4869565217391303 0.03975155279503106 0.06459627329192558
28 0.6546583850931678 0.5813664596273292 0.03975155279503106 0.06459627329192558
28 0.6124223602484472 0.5838509316770186 0.03975155279503106 0.06459627329192558
28 0.6347826086956522 0.49689440993788814 0.03975155279503106 0.06459627329192558
24 0.3285714285714286 0.4757763975155281 0.01614906832298132 0.03726708074534144
24 0.4527950310559007 0.49068322981366475 0.01614906832298132 0.03726708074534144
24 0.46770186335403735 0.49813664596273305 0.01614906832298132 0.03726708074534144
24 0.39924529171049294 0.4973719567904551 0.01614906832298132 0.03726708074534144
24 0.5236024844720496 0.4857142857142858 0.01614906832298132 0.03726708074534144
24 0.6714285714285713 0.4683229813664598 0.01614906832298132 0.03726708074534144
24 0.3559006211180124 0.587577639751553 0.01614906832298132 0.03726708074534144
24 0.5372670807453416 0.5006211180124225 0.01614906832298132 0.03726708074534144
24 0.41655060691444856 0.49489976890417564 0.01614906832298132 0.03726708074534144
24 0.4832996798439912 0.48748320524533767 0.01614906832298132 0.03726708074534144
32 0.3322981366459628 0.409937888198758 0.0385093167701861 0.08944099378881848
32 0.33229813664596275 0.6633540372670809 0.043478260869565195 0.11925465838509325
32 0.6726708074534162 0.4161490683229816 0.04099378881987566 0.09192546583850927
1 0.6645962732919257 0.3739130434782609 0.019875776397515567 0.047204968944099486
1 0.3372670807453417 0.3590062111801242 0.016149068322981394 0.027329192546583846
1 0.339751552795031 0.7167701863354039 0.016149068322981394 0.027329192546583846
1 0.3124223602484472 0.6795031055900622 0.016149068322981394 0.027329192546583846
8 0.7316770186335404 0.3590062111801242 0.04223602484472053 0.09689440993788835
13 0.327329192546584 0.20124223602484462 0.20248447204968945 0.22857142857142876
13 0.6192546583850934 0.20372670807453405 0.20248447204968945 0.22857142857142876
4 0.2770186335403727 0.4149068322981365 0.009937888198757747 0.04968944099378888
4 0.30434782608695654 0.4447204968944099 0.009937888198757747 0.04968944099378888
4 0.35031055900621116 0.462111801242236 0.009937888198757747 0.04968944099378888
4 0.38385093167701867 0.4695652173913043 0.009937888198757747 0.04968944099378888
4 0.408695652173913 0.4695652173913043 0.009937888198757747 0.04968944099378888
4 0.4422360248447205 0.47204968944099374 0.009937888198757747 0.04968944099378888
4 0.46832298136645967 0.457142857142857 0.009937888198757747 0.04968944099378888
4 0.5006211180124225 0.45962732919254656 0.009937888198757747 0.04968944099378888
4 0.5366459627329193 0.4521739130434782 0.009937888198757747 0.04968944099378888
4 0.560248447204969 0.4695652173913043 0.009937888198757747 0.04968944099378888
4 0.5900621118012424 0.47701863354037266 0.009937888198757747 0.04968944099378888
4 0.6198757763975156 0.462111801242236 0.009937888198757747 0.04968944099378888
4 0.64472049689441 0.462111801242236 0.009937888198757747 0.04968944099378888
4 0.6881987577639752 0.457142857142857 0.009937888198757747 0.04968944099378888
4 0.7279503105590063 0.4347826086956521 0.009937888198757747 0.04968944099378888
4 0.677018633540373 0.6111801242236025 0.009937888198757747 0.04968944099378888
4 0.275776397515528 0.568944099378882 0.009937888198757747 0.04968944099378888
4 0.3217391304347827 0.6111801242236025 0.009937888198757747 0.04968944099378888
4 0.3639751552795031 0.6161490683229813 0.009937888198757747 0.04968944099378888
4 0.368944099378882 0.613664596273292 0.009937888198757747 0.04968944099378888
4 0.3950310559006211 0.6385093167701863 0.009937888198757747 0.04968944099378888
4 0.45838509316770193 0.6186335403726708 0.009937888198757747 0.04968944099378888
4 0.4819875776397516 0.6236024844720497 0.009937888198757747 0.04968944099378888
4 0.4968944099378883 0.6360248447204969 0.009937888198757747 0.04968944099378888
4 0.5391304347826088 0.6260869565217391 0.009937888198757747 0.04968944099378888
4 0.5726708074534163 0.6409937888198758 0.009937888198757747 0.04968944099378888
4 0.5950310559006212 0.6260869565217391 0.009937888198757747 0.04968944099378888
4 0.6298136645962734 0.6186335403726708 0.009937888198757747 0.04968944099378888
4 0.4248447204968945 0.6236024844720497 0.009937888198757747 0.04968944099378888
49 0.9018633540372673 0.16397515527950315 0.05962732919254659 0.11925465838509325
33 0.10062111801242238 0.1788819875776398 0.05962732919254659 0.11925465838509325
49 0.6944099378881988 0.6285714285714288 0.03229813664596273 0.07950310559006211
49 0.7279503105590063 0.6211180124223605 0.03229813664596273 0.07950310559006211
49 0.26832298136645966 0.40000000000000024 0.03229813664596273 0.07950310559006211
49 0.24720496894409943 0.5838509316770188 0.03229813664596273 0.07950310559006211
44 0.5068322981366461 0.5515527950310559 0.5440993788819877 0.03975155279503099
43 0.329192546583851 0.5167701863354037 0.16894409937888202 0.044720496894409933
43 0.6559006211180125 0.5267080745341616 0.16894409937888202 0.044720496894409933