18 0.3353328008519702 0.48423522364217253 0.04833333333333333 0.10625000000000001
18 0.37666666666666665 0.48319355697550587 0.03333333333333333 0.125
18 0.4883333333333334 0.49479166666666663 0.03333333333333333 0.13958333333333334
16 0.625 0.4864583333333333 0.03 0.12291666666666666
4 0.6558333333333334 0.4770833333333333 0.03833333333333333 0.12916666666666668
16 0.33916666666666667 0.5177083333333332 0.051666666666666666 0.05625
16 0.3775 0.525 0.035 0.05833333333333333
16 0.4091666666666666 0.5322916666666666 0.04166666666666666 0.05625
16 0.48916666666666675 0.5260416666666666 0.035 0.07708333333333334
23 0.6 0.5343749999999999 0.016666666666666666 0.03958333333333333
16 0.625 0.5208333333333333 0.03333333333333333 0.05833333333333333
16 0.6575 0.5197916666666667 0.03833333333333333 0.04791666666666667
16 0.6966666666666665 0.5208333333333334 0.03666666666666667 0.03333333333333333
16 0.6925 0.5604166666666667 0.045 0.03333333333333333
16 0.65 0.571875 0.04666666666666667 0.04375
23 0.3841666666666667 0.5760416666666667 0.011666666666666667 0.01875
16 0.35583333333333333 0.5760416666666667 0.055 0.04791666666666667
16 0.30750000000000005 0.559375 0.055 0.03958333333333333
16 0.2888178913738019 0.5167731629392972 0.04856230031948883 0.04952076677316299
4 0.7141666666666666 0.5 0.005 0.0125
4 0.6775 0.5854166666666667 0.005 0.0125
4 0.6558333333333334 0.5906250000000001 0.04833333333333333 0.022916666666666665
4 0.6341666666666667 0.5958333333333333 0.005 0.0125
4 0.27666666666666667 0.5697916666666667 0.006666666666666667 0.014583333333333332
4 0.2654289873013257 0.5073502503909868 0.010315625814401274 0.022813403243387428
4 0.3114525486271161 0.49842326651313956 0.010315625814401274 0.022813403243387428
4 0.3654112067332152 0.5013989278057552 0.010315625814401274 0.022813403243387428
4 0.3931840454642955 0.5004070407082166 0.010315625814401274 0.022813403243387428
4 0.4169893358052216 0.5073502503909868 0.010315625814401274 0.022813403243387428
4 0.45269727131661075 0.5142934600737568 0.010315625814401274 0.022813403243387428
4 0.474122032623444 0.5152853471712953 0.010315625814401274 0.022813403243387428
4 0.511416987490895 0.5182610084639112 0.010315625814401274 0.022813403243387428
4 0.5352222778318211 0.5142934600737568 0.010315625814401274 0.022813403243387428
4 0.5629951165629014 0.5172691213663726 0.010315625814401274 0.022813403243387428
4 0.5875939165818584 0.516277234268834 0.010315625814401274 0.022813403243387428
4 0.6113992069227845 0.511317798781141 0.010315625814401274 0.022813403243387428
4 0.644726613400081 0.5004070407082166 0.010315625814401274 0.022813403243387428
4 0.6828150779455627 0.5013989278057552 0.010315625814401274 0.022813403243387428
4 0.71693599410089 0.5004070407082166 0.010315625814401274 0.022813403243387428
4 0.7201100328130133 0.5728147988285334 0.010315625814401274 0.022813403243387428
4 0.3225616841195482 0.5916606536817665 0.010315625814401274 0.022813403243387428
4 0.37652034222564734 0.6035632988522296 0.010315625814401274 0.022813403243387428
4 0.40508669063475855 0.607530847242384 0.010315625814401274 0.022813403243387428
4 0.43365303904386976 0.6134821698276154 0.010315625814401274 0.022813403243387428
4 0.45983885841888855 0.6204253795103855 0.010315625814401274 0.022813403243387428
4 0.5074494391007407 0.6194334924128472 0.010315625814401274 0.022813403243387428
4 0.4844376584378455 0.6234010408030014 0.010315625814401274 0.022813403243387428
4 0.5296677100856051 0.6194334924128472 0.010315625814401274 0.022813403243387428
4 0.5526794907485002 0.6174497182177697 0.010315625814401274 0.022813403243387428
4 0.5764847810894262 0.6124902827300769 0.010315625814401274 0.022813403243387428
4 0.608225168210661 0.6035632988522296 0.010315625814401274 0.022813403243387428
32 0.4108892438764643 0.4953474440894569 0.03666666666666667 0.125
32 0.5991666666666667 0.4958333333333333 0.03166666666666667 0.12083333333333333
32 0.6566666666666667 0.6072916666666667 0.06 0.11041666666666666
32 0.3441666666666667 0.6062500000000001 0.07166666666666667 0.10416666666666669
24 0.46416666666666667 0.5364583333333334 0.015 0.027083333333333334
0 0.6766666666666666 0.6583333333333333 0.04 0.02083333333333333
0 0.33916666666666667 0.6635416666666666 0.018333333333333333 0.022916666666666665
0 0.4745187874624596 0.6844020973016243 0.01904423227274087 0.03372416131631198
33 0.8849201277955272 0.34792332268370607 0.05201277955271567 0.07380191693290733
33 0.08223642172523962 0.35319488817891376 0.05201277955271567 0.07380191693290733
13 0.627667731629393 0.29520766773162943 0.1700958466453674 0.1405750798722045
13 0.35635782747603834 0.3022364217252397 0.1700958466453674 0.1405750798722045
48 0.7394249201277955 0.7687699680511183 0.1855591054313099 0.0333865814696486
48 0.3233226837060703 0.7722843450479234 0.1855591054313099 0.0333865814696486
49 0.7457507987220447 0.6018370607028755 0.04076677316293928 0.057987220447284306
49 0.7401277955271566 0.4823482428115017 0.04076677316293928 0.057987220447284306
49 0.24249201277955268 0.45950479233226843 0.04076677316293928 0.057987220447284306
49 0.2368690095846645 0.5895367412140575 0.04076677316293928 0.0579872204472843
40 0.34089456869009593 0.4603833865814697 0.026709265175718873 0.08785942492012787
40 0.3802555910543131 0.4603833865814697 0.026709265175718873 0.08785942492012787
40 0.5011501597444089 0.45159744408945696 0.026709265175718873 0.08785942492012787
40 0.6234504792332268 0.4586261980830672 0.026709265175718873 0.08785942492012787
40 0.6670287539936101 0.44105431309904164 0.026709265175718873 0.08785942492012787
40 0.16095846645367412 0.5271565495207668 0.026709265175718873 0.08785942492012787