6 0.2866666666666667 0.4270833333333333 0.01 0.008333333333333333
6 0.3375 0.48020833333333335 0.005 0.00625
6 0.6408333333333333 0.47395833333333337 0.005 0.00625
6 0.37416666666666665 0.540625 0.005 0.00625
6 0.3675 0.5395833333333333 0.005 0.004166666666666667
6 0.6701549917187971 0.5288561660967095 0.00865646921488235 0.009918870975385801
6 0.6701549917187973 0.47249894464565356 0.02741215251379387 0.007213724345735172
8 0.2904245421592979 0.421552016453899 0.03808846454548167 0.049594354876929356
8 0.7228873166861215 0.5286758229880664 0.03808846454548167 0.049594354876929356
24 0.5941666666666667 0.49166666666666664 0.011666666666666667 0.0125
24 0.6696641173037203 0.47902671554321685 0.03166666666666667 0.022916666666666665
24 0.39166666666666666 0.5354166666666667 0.02666666666666667 0.016666666666666666
23 0.43210208830953667 0.5450870458746138 0.010099214084029242 0.009918870975385873
4 0.34160591639228916 0.45428429067267223 0.010315625814401343 0.03174038712123469
4 0.38048789061580174 0.46519504874559675 0.010315625814401343 0.03174038712123469
4 0.4130217874150673 0.4721382584283668 0.010315625814401343 0.03174038712123469
4 0.45587131002873427 0.4770976939160598 0.010315625814401343 0.03174038712123469
4 0.682815077945563 0.44436541969728643 0.010315625814401343 0.03174038712123469
4 0.6431395940440193 0.4592437261603652 0.010315625814401343 0.03174038712123469
4 0.43524005839993163 0.4731301455259055 0.010315625814401343 0.03174038712123469
4 0.4749155423014752 0.4780895810135984 0.010315625814401343 0.03174038712123469
4 0.49475328425224685 0.48106524230621417 0.010315625814401343 0.03174038712123469
4 0.5185585745931729 0.4780895810135984 0.010315625814401343 0.03174038712123469
4 0.536015787509852 0.48007335520867556 0.010315625814401343 0.03174038712123469
4 0.5542665101045618 0.467178822940674 0.010315625814401343 0.03174038712123469
4 0.5741042520553337 0.46817071003821253 0.010315625814401343 0.03174038712123469
4 0.6034641101424757 0.4632112745505196 0.010315625814401343 0.03174038712123469
4 0.3146265873392396 0.5485135649388381 0.010315625814401343 0.03174038712123469
4 0.36541120673321525 0.5614080972068396 0.010315625814401343 0.03174038712123469
4 0.40984774870294394 0.5752945165723798 0.010315625814401343 0.03174038712123469
4 0.7074138779645198 0.5445460165486837 0.010315625814401343 0.03174038712123469
4 0.6566292585705441 0.5554567746216081 0.010315625814401343 0.03174038712123469
4 0.6201278133811241 0.5614080972068396 0.010315625814401343 0.03174038712123469
4 0.5939419940061053 0.5723188552797641 0.010315625814401343 0.03174038712123469
4 0.5693431939871485 0.5743026294748413 0.010315625814401343 0.03174038712123469
4 0.547918432680315 0.5752945165723798 0.010315625814401343 0.03174038712123469
4 0.5304612197636359 0.5703350810846869 0.010315625814401343 0.03174038712123469
4 0.5130040068469568 0.5673594197920712 0.010315625814401343 0.03174038712123469
4 0.44000111646811685 0.5792620649625341 0.010315625814401343 0.03174038712123469
4 0.4653934261651049 0.5802539520600728 0.010315625814401343 0.03174038712123469
4 0.4876116971499691 0.5792620649625341 0.010315625814401343 0.03174038712123469
4 0.500307851998463 0.5782701778649955 0.010315625814401343 0.03174038712123469
4 0.31065903894908525 0.438414097112055 0.010315625814401343 0.03174038712123469
4 0.31065903894908525 0.438414097112055 0.010315625814401343 0.03174038712123469
35 0.8434504792332268 0.30910543130990414 0.04856230031948883 0.036741214057508034
35 0.1584664536741214 0.31070287539936103 0.04856230031948883 0.036741214057508034
0 0.6223642172523962 0.3929712460063897 0.04600638977635782 0.03514376996805112