4 0.66 0.496875 0.023333333333333334 0.03958333333333333
17 0.72 0.478125 0.03 0.03125
38 0.3565547057679068 0.548538479962984 0.051666666666666666 0.05416666666666666
16 0.29 0.4770833333333333 0.04333333333333334 0.04583333333333333
16 0.33416666666666667 0.4822916666666667 0.051666666666666666 0.05625
16 0.37166666666666665 0.490625 0.03666666666666667 0.04375
16 0.6341666666666667 0.5041666666666667 0.03166666666666667 0.04583333333333333
16 0.6875 0.4875 0.03833333333333333 0.04583333333333333
16 0.39916666666666667 0.5364583333333334 0.04166666666666666 0.022916666666666665
16 0.3066666666666667 0.528125 0.05333333333333334 0.03958333333333333
38 0.7267827278328182 0.42335544754033283 0.035347249294102386 0.07664582117343613
38 0.6589737189829078 0.43868461177502005 0.035347249294102386 0.07664582117343613
4 0.2925 0.45104166666666673 0.04166666666666666 0.022916666666666665
4 0.31083333333333335 0.45729166666666665 0.005 0.010416666666666664
4 0.6491666666666666 0.478125 0.005 0.014583333333333332
4 0.6691666666666665 0.4656249999999999 0.005 0.014583333333333332
4 0.6141666666666666 0.584375 0.005 0.014583333333333332
3 0.23119986528081213 0.5297578816399264 0.005049607042014621 0.013525733148253496
4 0.27953181839723784 0.451759487151665 0.007935096780308655 0.023444604123639294
4 0.31848592986420765 0.45807149595418334 0.007935096780308655 0.023444604123639294
4 0.3632110208077657 0.4616783581270508 0.007935096780308655 0.023444604123639294
4 0.38918042845241235 0.4679903669295693 0.007935096780308655 0.023444604123639294
4 0.41154297392419137 0.4679903669295693 0.007935096780308655 0.023444604123639294
4 0.44761159565286723 0.46979379801600285 0.007935096780308655 0.023444604123639294
4 0.47430237573208756 0.46618693584313536 0.007935096780308655 0.023444604123639294
4 0.5089282525916162 0.4679903669295693 0.007935096780308655 0.023444604123639294
4 0.5421113845819979 0.468892082472786 0.007935096780308655 0.023444604123639294
4 0.5680807922266446 0.47430237573208717 0.007935096780308655 0.023444604123639294
4 0.5990998069133058 0.47700752236173805 0.007935096780308655 0.023444604123639294
4 0.6207409799505114 0.4833195311642564 0.007935096780308655 0.023444604123639294
4 0.6488745048988784 0.4761058068185213 0.007935096780308655 0.023444604123639294
4 0.7044201823610392 0.46348178921348465 0.007935096780308655 0.023444604123639294
4 0.6726797952398046 0.46708865138635214 0.007935096780308655 0.023444604123639294
4 0.2780890735280908 0.5437344725597884 0.007935096780308655 0.023444604123639294
4 0.32065004716792833 0.5608670678809093 0.007935096780308655 0.023444604123639294
4 0.3761957246300891 0.5689825077698615 0.007935096780308655 0.023444604123639294
4 0.4057719944476032 0.5689825077698615 0.007935096780308655 0.023444604123639294
4 0.44039787130713215 0.5662773611402107 0.007935096780308655 0.023444604123639294
4 0.4750237481666609 0.5536533435351743 0.007935096780308655 0.023444604123639294
4 0.5240770737176601 0.5626704989673434 0.007935096780308655 0.023444604123639294
4 0.543554129451145 0.5626704989673433 0.007935096780308655 0.023444604123639294
4 0.5666380473574976 0.5671790766834277 0.007935096780308655 0.023444604123639294
4 0.5918860825675707 0.5716876543995123 0.007935096780308655 0.023444604123639294
4 0.498829038507587 0.5617687834241264 0.007935096780308655 0.023444604123639294
4 0.6517599946371727 0.5761962321155967 0.007935096780308655 0.023444604123639294
4 0.6878286163658484 0.5653756455969939 0.007935096780308655 0.023444604123639294
4 0.7260613553982448 0.5428327570165714 0.007935096780308655 0.023444604123639294
4 0.7599658598232002 0.5157812907200647 0.007935096780308655 0.023444604123639294
4 0.23841358962654738 0.44634919389236366 0.007935096780308655 0.023444604123639294
38 0.3556366102447439 0.549595623590698 0.03462587685952876 0.047790923790495515
28 0.25083333333333335 0.46875 0.04166666666666666 0.0375
32 0.2891666666666667 0.43750000000000006 0.03833333333333333 0.12083333333333333
32 0.3325 0.440625 0.04833333333333333 0.13125
32 0.37 0.4427083333333333 0.03333333333333333 0.13541666666666666
0 0.3283333333333333 0.3885416666666666 0.04666666666666667 0.03125
0 0.36500000000000005 0.37395833333333334 0.016666666666666666 0.027083333333333334
0 0.675864389765976 0.6697424297137481 0.03330346268412057 0.05142446443871564
0 0.37319468478382145 0.6721912137346393 0.03330346268412057 0.05142446443871564
24 0.5041666666666667 0.49166666666666664 0.005 0.0125
6 0.5116666666666666 0.48958333333333337 0.006666666666666667 0.016666666666666666
6 0.2775 0.5260416666666667 0.005 0.00625
13 0.6355291148592682 0.28899983160101517 0.14283174204555635 0.11091101181567825
13 0.40324719092659594 0.29531184040353353 0.14283174204555635 0.11091101181567825
44 0.4941401176828589 0.508116708602721 0.5092889388089028 0.011722302061819718
43 0.6712370503706576 0.5117235707755885 0.16807977725562942 0.015329164234687269
43 0.2997302465652963 0.5063132775162872 0.16807977725562942 0.015329164234687269
52 0.6275940180789596 0.5604162101093009 0.024526662775499516 0.04057719944476041
53 0.6319222526864006 0.5626704989673431 0.023083917906352554 0.05410293259301377
49 0.6654660708940695 0.44770176720718874 0.028133524948367142 0.049594354876929356
49 0.7246186105290975 0.436881180688586 0.028133524948367142 0.049594354876929356
36 0.5092889388089029 0.5748436588007713 0.008656469214882207 0.36699822608927674
33 0.8737261386539864 0.33331855031236585 0.05877081650138922 0.06734156057450853
33 0.08717671114372735 0.3125038861347905 0.05877081650138922 0.06734156057450853