24 0.6335403726708075 0.5018633540372671 0.03478260869565219 0.04968944099378881
24 0.6683229813664597 0.39254658385093166 0.03478260869565219 0.04968944099378881
24 0.706832298136646 0.3552795031055901 0.03478260869565219 0.04968944099378881
24 0.5757763975155278 0.47204968944099357 0.021118012422360822 0.04968944099378809
24 0.34534161490683235 0.3751552795031056 0.03478260869565219 0.04968944099378881
24 0.40248447204968957 0.511801242236025 0.03478260869565219 0.04968944099378881
24 0.35900621118012427 0.4745341614906833 0.03478260869565219 0.04968944099378881
24 0.4484472049689442 0.5838509316770187 0.03478260869565219 0.04968944099378881
6 0.5838509316770187 0.5577639751552793 0.0223602484472049 0.04720496894409888
24 0.3074265445416088 0.35344609171663516 0.03478260869565219 0.04968944099378881
24 0.6770186335403727 0.4844720496894411 0.03478260869565219 0.04968944099378881
6 0.6316770186335404 0.4173913043478263 0.0236024844720497 0.044720496894409933
6 0.406832298136646 0.39751552795031075 0.0236024844720497 0.044720496894409933
15 0.4484472049689434 0.6124223602484474 0.04223602484472172 0.11180124223602508
15 0.7291925465838502 0.47329192546583865 0.04223602484472172 0.11180124223602508
32 0.5869565217391305 0.6347826086956522 0.023602484472049743 0.09689440993788821
0 0.6906832298136647 0.26956521739130446 0.022360248447204967 0.047204968944099486
33 0.1633540372670808 0.09689440993788825 0.050931677018633575 0.10931677018633551
33 0.8664596273291927 0.129192546583851 0.050931677018633575 0.10931677018633551
48 0.2285714285714286 0.7403726708074536 0.11180124223602489 0.08447204968944093
48 0.8024844720496895 0.732919254658385 0.11180124223602489 0.08447204968944093
44 0.49875776397515537 0.4173913043478262 0.4757763975155281 0.03478260869565219
49 0.7267080745341616 0.25341614906832305 0.03478260869565218 0.0695652173913046
49 0.38881987577639765 0.3229813664596274 0.03478260869565218 0.0695652173913046
4 0.291304347826087 0.3031055900621119 0.011180124223602483 0.03975155279503106
4 0.3335403726708075 0.3279503105590063 0.011180124223602483 0.03975155279503106
4 0.36832298136645963 0.33291925465838523 0.011180124223602483 0.03975155279503106
4 0.4006211180124224 0.36024844720496907 0.011180124223602483 0.03975155279503106
4 0.4267080745341615 0.39254658385093183 0.011180124223602483 0.03975155279503106
4 0.4465838509316771 0.404968944099379 0.011180124223602483 0.03975155279503106
4 0.4739130434782609 0.4173913043478261 0.011180124223602483 0.03975155279503106
4 0.4900621118012423 0.43726708074534176 0.011180124223602483 0.03975155279503106
4 0.5149068322981367 0.43726708074534176 0.011180124223602483 0.03975155279503106
4 0.54472049689441 0.44472049689441007 0.011180124223602483 0.03975155279503106
4 0.5695652173913044 0.43726708074534176 0.011180124223602483 0.03975155279503106
4 0.5919254658385094 0.42484472049689453 0.011180124223602483 0.03975155279503106
4 0.6192546583850933 0.39503105590062115 0.011180124223602483 0.03975155279503106
4 0.6428571428571429 0.35776397515527963 0.011180124223602483 0.03975155279503106
4 0.6788819875776397 0.3304347826086958 0.011180124223602483 0.03975155279503106
4 0.7124223602484473 0.3031055900621119 0.011180124223602483 0.03975155279503106
4 0.3260869565217392 0.4819875776397517 0.011180124223602483 0.03975155279503106
4 0.375776397515528 0.5142857142857145 0.011180124223602483 0.03975155279503106
4 0.41428571428571437 0.5366459627329193 0.011180124223602483 0.03975155279503106
4 0.4540372670807453 0.5614906832298138 0.011180124223602483 0.03975155279503106
4 0.48385093167701876 0.5888198757763976 0.011180124223602483 0.03975155279503106
4 0.49875776397515537 0.5987577639751553 0.011180124223602483 0.03975155279503106
4 0.5149068322981367 0.5937888198757765 0.011180124223602483 0.03975155279503106
4 0.5335403726708076 0.5937888198757765 0.011180124223602483 0.03975155279503106
4 0.5496894409937889 0.6012422360248448 0.011180124223602483 0.03975155279503106
4 0.5695652173913044 0.5838509316770187 0.011180124223602483 0.03975155279503106
4 0.6242236024844722 0.5440993788819877 0.011180124223602483 0.03975155279503106
4 0.6006211180124225 0.5813664596273292 0.011180124223602483 0.03975155279503106
4 0.6602484472049692 0.506832298136646 0.011180124223602483 0.03975155279503106
4 0.7024844720496896 0.4720496894409939 0.011180124223602483 0.03975155279503106
37 0.3801242236024845 0.37018633540372675 0.03229813664596275 0.0944099378881988