18 0.3475 0.6554563685434063 0.04833333333333333 0.10625000000000001
23 0.3433333333333333 0.53125 0.05333333333333334 0.03333333333333333
23 0.4091666666666666 0.5177083333333333 0.03166666666666667 0.027083333333333334
23 0.6125 0.5364583333333334 0.028333333333333332 0.027083333333333334
23 0.6366666666666667 0.5354166666666667 0.023333333333333334 0.025
23 0.6691666666666666 0.5322916666666666 0.045 0.04791666666666667
23 0.7125000000000001 0.5322916666666666 0.03833333333333333 0.04375
16 0.3925 0.59375 0.03833333333333333 0.04583333333333333
16 0.3475 0.5947916666666666 0.051666666666666666 0.035416666666666666
4 0.34 0.4958333333333334 0.05333333333333334 0.03333333333333333
4 0.3616666666666667 0.4979166666666666 0.01 0.016666666666666666
4 0.4766666666666666 0.48437500000000006 0.013333333333333334 0.027083333333333334
4 0.49166666666666664 0.4854166666666667 0.04333333333333334 0.029166666666666664
4 0.525 0.4885416666666667 0.03333333333333333 0.022916666666666665
4 0.5558333333333333 0.49583333333333335 0.03833333333333333 0.016666666666666666
4 0.5691666666666667 0.49583333333333335 0.011666666666666667 0.016666666666666666
4 0.6275 0.5 0.005 0.0125
4 0.6416666666666667 0.503125 0.03333333333333333 0.01875
4 0.675 0.5052083333333333 0.05 0.014583333333333332
4 0.7158333333333333 0.5104166666666666 0.04166666666666666 0.016666666666666666
4 0.7008333333333333 0.6302083333333333 0.055 0.04791666666666667
4 0.6608333333333334 0.6354166666666667 0.06833333333333333 0.0375
4 0.6166666666666667 0.6270833333333333 0.03333333333333333 0.02083333333333333
4 0.5874999999999999 0.6197916666666667 0.035 0.014583333333333332
4 0.5591666666666666 0.6166666666666666 0.035 0.02083333333333333
4 0.5333333333333333 0.6114583333333333 0.02666666666666667 0.022916666666666665
4 0.5133333333333333 0.609375 0.02666666666666667 0.022916666666666665
4 0.49583333333333335 0.6104166666666666 0.025 0.029166666666666664
4 0.47666666666666657 0.6125 0.02666666666666667 0.03333333333333333
4 0.4002253020144273 0.6237404398889519 0.04 0.02708333333333333
4 0.41999999999999993 0.609375 0.03666666666666667 0.014583333333333332
4 0.4041666666666666 0.609375 0.005 0.014583333333333332
4 0.343958252117693 0.6210352932593012 0.04 0.02708333333333333
4 0.3742558943697807 0.4956968327521527 0.04 0.02708333333333333
4 0.4088817712293095 0.4938934016657189 0.04 0.02708333333333333
4 0.43557255130852945 0.492991686122502 0.04 0.02708333333333333
4 0.46659156599519075 0.49750026383858637 0.04 0.02708333333333333
4 0.5856180176998211 0.4938934016657189 0.04 0.02708333333333333
4 0.6101446804753207 0.4956968327521528 0.04 0.02708333333333333
4 0.45 0.615625 0.04 0.027083333333333334
4 0.45 0.615625 0.04 0.027083333333333334
28 0.3783333333333333 0.5197916666666667 0.02666666666666667 0.03125
27 0.6950000000000001 0.5874999999999999 0.04333333333333334 0.02083333333333333
28 0.6491666666666667 0.6052083333333333 0.051666666666666666 0.03958333333333333
6 0.3908333333333333 0.5187499999999999 0.005 0.008333333333333333
6 0.5341666666666667 0.525 0.008333333333333333 0.016666666666666666
6 0.5625 0.5197916666666667 0.008333333333333333 0.022916666666666665
7 0.6741666666666667 0.5020833333333334 0.05833333333333333 0.10833333333333334
6 0.6596950914174808 0.6181260048751821 0.03246175955580824 0.022542888580422443
13 0.6633019535903487 0.311993577953046 0.11902645170463028 0.13525733148253447
13 0.3437339650742809 0.33543818207668535 0.11902645170463028 0.13525733148253447
24 0.44583333333333336 0.5072916666666666 0.011666666666666667 0.01875
24 0.45583333333333337 0.5135416666666667 0.011666666666666667 0.03958333333333333
24 0.48416666666666675 0.4979166666666667 0.02166666666666667 0.02083333333333333
24 0.5464299980544162 0.5220769599259677 0.011666666666666667 0.03333333333333333
24 0.5478358826962794 0.5958156745437853 0.03 0.04375
24 0.6016666666666667 0.5947916666666667 0.01 0.014583333333333332
24 0.5925 0.6260416666666667 0.011666666666666667 0.014583333333333332
24 0.41666666666666663 0.603125 0.013333333333333334 0.014583333333333332
24 0.5673497986570483 0.5328975464445705 0.011666666666666667 0.03333333333333333
24 0.5341666666666666 0.5175683822098833 0.011666666666666667 0.03333333333333333
32 0.6741666666666667 0.5020833333333334 0.05833333333333333 0.10833333333333334
0 0.7024999999999999 0.4656249999999999 0.015 0.014583333333333332
0 0.5002717833767338 0.4265089145140539 0.026690780079220103 0.02885489738294083
0 0.7332750797439799 0.6880064220469538 0.026690780079220103 0.02885489738294083
44 0.5208308977620792 0.5617662459965882 0.39531209414628743 0.010820586518602723
43 0.6604164638520547 0.5563559527372869 0.13201115552695353 0.009017155432168949
43 0.3632110208077658 0.5491422283915518 0.13201115552695353 0.009017155432168949
36 0.5067641352878957 0.5743928010291627 0.005049607042014586 0.3787205281510964
49 0.2618581937501865 0.48241781562103914 0.024526662775499516 0.036068621728675934
49 0.3044191673900241 0.6357094579679115 0.024526662775499516 0.036068621728675934
49 0.2676291732267747 0.6402180356839962 0.024526662775499516 0.036068621728675934
49 0.7509487043910312 0.4968452643125095 0.024526662775499516 0.036068621728675934
49 0.7581624287367661 0.6510386222025987 0.024526662775499516 0.036068621728675934
49 0.2972054430442889 0.4824178156210393 0.024526662775499516 0.036068621728675934
40 0.34301259263970724 0.6564489154619003 0.032461759555808316 0.07935096780308669