16 0.29378881987577643 0.5540372670807455 0.04099378881987582 0.08944099378881987
16 0.37080745341614907 0.5540372670807455 0.033540372670807415 0.08447204968944101
16 0.3335403726708075 0.5503105590062113 0.04099378881987577 0.07701863354037272
16 0.4242236024844721 0.5416149068322983 0.033540372670807554 0.09937888198757776
16 0.5534161490683229 0.53416149068323 0.028571428571428324 0.09440993788819858
16 0.4540372670807456 0.5515527950310558 0.028571428571428782 0.10434782608695682
16 0.48633540372670814 0.5478260869565218 0.028571428571428612 0.1167701863354037
16 0.5192546583850932 0.5515527950310559 0.03229813664596237 0.13913043478260867
16 0.5590062111801244 0.6708074534161491 0.027329192546583846 0.11925465838509318
17 0.5875776397515527 0.6708074534161491 0.022360248447204967 0.09440993788819867
16 0.611801242236025 0.6745341614906832 0.031055900621118012 0.09689440993788821
16 0.6453416149068322 0.6782608695652176 0.03850931677018651 0.10931677018633593
16 0.6826086956521739 0.6807453416149069 0.03850931677018636 0.07453416149068318
16 0.4018633540372671 0.6608695652173914 0.033540372670807485 0.08944099378881987
16 0.4279503105590063 0.662111801242236 0.02857142857142857 0.07204968944099377
16 0.45652173913043476 0.6708074534161493 0.02608695652173907 0.09440993788819897
16 0.3627329192546584 0.6782608695652175 0.042236024844720464 0.08944099378881991
28 0.7024844720496896 0.5714285714285715 0.04099378881987577 0.08447204968944101
28 0.6608695652173914 0.5776397515527952 0.04223602484472053 0.11180124223602504
28 0.3149068322981367 0.675776397515528 0.048447204968944106 0.10434782608695638
28 0.6298136645962725 0.5652173913043466 0.02981366459627439 0.08198757763975227
28 0.6012422360248447 0.5540372670807453 0.027329192546583846 0.08447204968944105
30 0.5422360248447206 0.42111801242236035 0.02608695652173914 0.10186335403726715
30 0.5875776397515529 0.4173913043478261 0.027329192546583912 0.129192546583851
30 0.6875776397515528 0.7639751552795033 0.02608695652173907 0.09689440993788807
30 0.6552795031055901 0.7813664596273293 0.02857142857142847 0.1068322981366461
30 0.6167701863354038 0.7813664596273294 0.026086956521739212 0.11180124223602478
30 0.39503105590062126 0.7453416149068324 0.029813664596273277 0.10931677018633551
30 0.3596273291925466 0.765217391304348 0.028571428571428612 0.10931677018633551
30 0.3726708074534162 0.46086956521739136 0.03229813664596271 0.09689440993788814
30 0.3366459627329193 0.45714285714285713 0.029813664596273277 0.08447204968944093
24 0.3987577639751554 0.5565217391304349 0.024844720496894367 0.06956521739130438
24 0.4714285714285715 0.6596273291925467 0.013664596273291923 0.03726708074534144
1 0.5577639751552796 0.7838509316770187 0.03229813664596286 0.15155279503105604
1 0.5229813664596273 0.43850931677018645 0.029813664596273312 0.10683229813664596
1 0.4875776397515529 0.44968944099378894 0.028571428571428612 0.10931677018633551
1 0.30869565217391315 0.7465838509316771 0.05093167701863348 0.11180124223602517
38 0.5906832298136646 0.7453416149068325 0.03850931677018643 0.06459627329192542
40 0.36273291925465845 0.8093167701863355 0.029813664596273312 0.12298136645962714
40 0.39875776397515533 0.8111801242236025 0.029813664596273243 0.14161490683229816
39 0.38571428571428573 0.6596273291925469 0.013664596273291885 0.027329192546583846
39 0.41614906832298143 0.6621118012422361 0.012422360248447183 0.027329192546583846
39 0.4422360248447205 0.6645962732919257 0.009937888198757747 0.027329192546583846
39 0.35652173913043483 0.560248447204969 0.01242236024844722 0.03229813664596264
39 0.4695652173913044 0.5565217391304347 0.009937888198757747 0.0298136645962731
39 0.5664596273291926 0.5341614906832299 0.009937888198757783 0.02484472049689444
39 0.6242236024844722 0.693167701863354 0.011180124223602483 0.0298136645962731
39 0.6658385093167702 0.6931677018633542 0.009937888198757783 0.03478260869565219
39 0.5714285714285715 0.672049689440994 0.009937888198757747 0.02732919254658398
39 0.4422360248447205 0.5540372670807456 0.009937888198757747 0.02484472049689444
39 0.3130434782608696 0.560248447204969 0.009937888198757747 0.027329192546583846
33 0.0801242236024845 0.4024844720496895 0.05590062111801244 0.14409937888198762
33 0.8714285714285717 0.40869565217391307 0.05341614906832305 0.1316770186335404
49 0.7279503105590064 0.49068322981366463 0.02732919254658398 0.07204968944099377
49 0.27142857142857146 0.7093167701863353 0.02857142857142854 0.062111801242236024
49 0.5857142857142857 0.8149068322981367 0.02857142857142857 0.059627329192546485
49 0.25465838509316774 0.4770186335403727 0.029813664596273312 0.06956521739130431
49 0.7211180124223604 0.7416149068322981 0.03602484472049696 0.06708074534161483
13 0.6850931677018635 0.33167701863354043 0.1428571428571429 0.16149068322981372
13 0.32546583850931676 0.30434782608695654 0.15652173913043477 0.14658385093167703