18 0.3583850931677019 0.7515527950310561 0.02857142857142854 0.14161490683229816
18 0.4124223602484473 0.7478260869565219 0.03229813664596279 0.12422360248447205
18 0.6757763975155281 0.7031055900621119 0.027329192546583846 0.1490683229813665
18 0.6267080745341617 0.3900621118012423 0.028571428571428612 0.10931677018633551
18 0.6559006211180124 0.39751552795031075 0.02732919254658377 0.11428571428571428
18 0.5248447204968945 0.36273291925465834 0.02857142857142854 0.12422360248447221
18 0.49068322981366475 0.3639751552795031 0.02484472049689451 0.1416149068322983
18 0.38509316770186347 0.3788819875776398 0.03229813664596279 0.1316770186335404
18 0.34472049689441 0.42111801242236024 0.028571428571428612 0.09689440993788835
16 0.3559006211180127 0.5180124223602487 0.031055900621118335 0.08695652173913068
16 0.39068322981366466 0.5080745341614907 0.033540372670807485 0.10186335403726715
16 0.43229813664596284 0.4944099378881988 0.03229813664596271 0.07950310559006211
16 0.4900621118012423 0.4844720496894412 0.028571428571428612 0.08944099378881987
16 0.5857142857142857 0.4795031055900622 0.031055900621118012 0.0944099378881988
16 0.6236024844720498 0.48198757763975136 0.03726708074534166 0.09937888198757762
16 0.6503105590062113 0.4869565217391306 0.031055900621118012 0.0844720496894412
16 0.3658385093167702 0.6260869565217394 0.043478260869565195 0.08944099378881987
16 0.4167701863354035 0.6260869565217393 0.04347826086956544 0.08944099378881998
16 0.6627329192546585 0.6000000000000002 0.04347826086956523 0.09689440993788821
17 0.4633540372670808 0.49068322981366447 0.027329192546583846 0.08198757763975154
17 0.32298136645962733 0.5341614906832299 0.03726708074534162 0.09937888198757762
17 0.5540372670807454 0.4819875776397516 0.029813664596273277 0.08944099378881987
17 0.6869565217391305 0.4857142857142858 0.03229813664596275 0.08198757763975165
24 0.4540372670807454 0.631055900621118 0.01614906832298132 0.044720496894409933
13 0.704968944099379 0.25838509316770186 0.13043478260869576 0.20869565217391306
13 0.31863354037267083 0.23975155279503105 0.15031055900621118 0.1913043478260869
9 0.280745341614907 0.6757763975155279 0.07453416149068341 0.1490683229813666
33 0.09503105590062116 0.2906832298136647 0.06335403726708076 0.0944099378881988
33 0.9012422360248448 0.2633540372670808 0.0658385093167702 0.129192546583851
35 0.11987577639751554 0.2757763975155279 0.03602484472049692 0.05465838509316761
35 0.8670807453416151 0.27453416149068327 0.04720496894409948 0.047204968944099444
49 0.7260869565217389 0.39875776397515544 0.045962732919254706 0.08198757763975165
49 0.6844720496894406 0.39627329192546606 0.03229813664596318 0.07204968944099374
49 0.713664596273292 0.6757763975155281 0.03602484472049696 0.08447204968944105
49 0.7714285714285715 0.39503105590062104 0.03726708074534159 0.07950310559006211
49 0.7540372670807454 0.6732919254658386 0.03975155279503099 0.07950310559006211
49 0.3192546583850932 0.7198757763975157 0.03726708074534162 0.0782608695652172
49 0.3813664596273292 0.737888198757764 0.03726708074534162 0.09937888198757762
49 0.30621118012422366 0.4422360248447206 0.036024844720496885 0.08447204968944105
49 0.27204968944099384 0.4372670807453417 0.029813664596273312 0.08447204968944105
49 0.24161490683229817 0.41118012422360256 0.02857142857142857 0.09192546583850934
49 0.5608695652173913 0.34658385093167693 0.033540372670807554 0.062111801242236024
43 0.6838509316770187 0.5416149068322982 0.12795031055900638 0.07453416149068304
43 0.34844720496894416 0.5602484472049691 0.15776397515527954 0.062111801242236024
40 0.35776397515527963 0.7888198757763976 0.03478260869565219 0.1267080745341616
40 0.4155279503105591 0.7925465838509318 0.021118012422360194 0.10434782608695642
40 0.6801242236024845 0.7701863354037269 0.02857142857142854 0.11925465838509311
40 0.34409937888198766 0.37639751552795037 0.024844720496894367 0.09689440993788821
40 0.3795031055900621 0.3503105590062112 0.033540372670807485 0.10434782608695642
40 0.4913043478260871 0.32795031055900614 0.033540372670807485 0.10931677018633551
40 0.5267080745341616 0.3291925465838509 0.022360248447204967 0.12173913043478252
40 0.6254658385093168 0.3465838509316771 0.02608695652173907 0.10186335403726715
40 0.6527950310559006 0.3515527950310559 0.02608695652173907 0.09689440993788807
38 0.5571428571428573 0.42360248447204985 0.031055900621118012 0.07701863354037258
38 0.3217391304347826 0.4869565217391304 0.022360248447204897 0.06956521739130422
38 0.6857142857142858 0.43602484472049696 0.029813664596273385 0.07701863354037272
39 0.3428571428571429 0.5316770186335404 0.009937888198757747 0.029813664596273243
39 0.3732919254658386 0.5142857142857142 0.008695652173913082 0.024844720496894297
39 0.4776397515527951 0.49068322981366463 0.008695652173913047 0.03229813664596293
39 0.4161490683229814 0.5105590062111802 0.007453416149068346 0.03229813664596279
39 0.3906832298136647 0.636024844720497 0.011180124223602449 0.039751552795031134
39 0.6055900621118013 0.49068322981366463 0.00869565217391301 0.022360248447204897
39 0.5714285714285715 0.4931677018633541 0.009937888198757712 0.027329192546583846
39 0.637888198757764 0.49068322981366475 0.011180124223602483 0.03229813664596264
39 0.5409937888198758 0.49068322981366463 0.011180124223602483 0.04223602484472039
39 0.665217391304348 0.493167701863354 0.013664596273291885 0.03229813664596264